0.2614921189 0.5846207186 0.0000523600 0.0296690319 0.0586856628 0.0654801078 
0.7075962208 0.0005760877 0.0000002794 0.0000168886 0.0011925148 0.2906180087 
0.9999998640 0.0000001356 0.0000000000 0.0000000002 0.0000000003 0.0000000000 
0.0001043797 0.1580093636 0.0000001962 0.3273179427 0.5029202638 0.0116478540 
0.9999997341 0.0000002506 0.0000000000 0.0000000134 0.0000000000 0.0000000019 
0.6087617783 0.0000001019 0.0000011546 0.0008778738 0.0016318324 0.3887272590 
0.2846026099 0.1090084836 0.0000000052 0.5910846357 0.0012241226 0.0140801429 
0.9999997222 0.0000000000 0.0000000000 0.0000000045 0.0000000000 0.0000002733 
0.0001599377 0.9076882960 0.0000000050 0.0001206843 0.0182004030 0.0738306741 
0.0015017387 0.8917414533 0.0000000001 0.0078948200 0.0988598361 0.0000021518 
0.0001831009 0.6785016133 0.0000003353 0.3213011798 0.0000066559 0.0000071148 
0.0000073034 0.5368677580 0.0000000275 0.1488342204 0.3092036059 0.0050870847 
0.0391172691 0.1914745928 0.0063503846 0.6693538513 0.0906753953 0.0030285069 
0.9998353980 0.0000000010 0.0000000000 0.0000000289 0.0000002381 0.0001643340 
0.0000157405 0.9951202239 0.0000003988 0.0015605638 0.0000703459 0.0032327271 
0.6680737745 0.0000000000 0.0000000000 0.0000000908 0.0000000342 0.3319261005 
0.9999999374 0.0000000011 0.0000000000 0.0000000194 0.0000000001 0.0000000420 
0.7316310523 0.1375885171 0.0019721412 0.1127081971 0.0097939816 0.0063061108 
0.1173857032 0.0509433310 0.0044792080 0.0438546446 0.0223643154 0.7609727977 
0.0000768441 0.0181237787 0.0000022057 0.0168440064 0.0330802596 0.9318729056 
0.0000362848 0.2863937157 0.3175812934 0.0006923781 0.0004250162 0.3948713119 
0.0000018738 0.0068789975 0.0000000000 0.0000497282 0.0000232990 0.9930461015 
0.0000070978 0.3856075649 0.0000005625 0.0002588986 0.6141068850 0.0000189912 
0.9953551237 0.0018816092 0.0000000018 0.0000945108 0.0000003610 0.0026683936 
0.9999997523 0.0000002477 0.0000000000 0.0000000000 0.0000000000 0.0000000000 
0.9870012947 0.0014114598 0.0000000012 0.0112213094 0.0001402387 0.0002256961 
0.6572815468 0.3426942292 0.0000001443 0.0000178877 0.0000002036 0.0000059884 
0.9999996761 0.0000002675 0.0000000000 0.0000000036 0.0000000000 0.0000000527 
0.7777158124 0.2191410183 0.0000000032 0.0014894630 0.0000000001 0.0016537030 
0.0000000069 0.0000003416 0.9999996516 0.0000000000 0.0000000000 0.0000000000 
0.9999724787 0.0000010476 0.0000000000 0.0000248602 0.0000010077 0.0000006058 
0.9999924599 0.0000073323 0.0000000000 0.0000002055 0.0000000000 0.0000000023 
0.8176561911 0.0000000039 0.0000000000 0.0000000000 0.0000031224 0.1823406827 
0.0009305382 0.0008563574 0.0000046014 0.7958578004 0.2013572717 0.0009934309 
0.4493497764 0.4106583446 0.0000607083 0.1124316056 0.0091296251 0.0183699400 
0.9998977365 0.0000918126 0.0000000000 0.0000102840 0.0000000000 0.0000001669 
0.0831766672 0.0000594660 0.0000131979 0.5770474793 0.3395276951 0.0001754944 
0.9867650144 0.0129413144 0.0000000174 0.0000136098 0.0002772322 0.0000028118 
0.0002630535 0.9986141446 0.0000000013 0.0008521592 0.0000001987 0.0002704428 
0.9999999991 0.0000000002 0.0000000000 0.0000000001 0.0000000000 0.0000000006 
0.9997075165 0.0000008314 0.0000001508 0.0001256961 0.0000010228 0.0001647825 
0.9998747243 0.0000000240 0.0000000000 0.0000279513 0.0000000068 0.0000972936 
0.9996139117 0.0001433999 0.0000000184 0.0000505907 0.0000015296 0.0001905496 
0.5785002520 0.3944077766 0.0000001623 0.0232281811 0.0009440587 0.0029195692 
0.8777303389 0.0166619640 0.0000000129 0.0000034930 0.1056012241 0.0000029670 
0.9784390880 0.0005408726 0.0147778063 0.0000083233 0.0061958490 0.0000380607 
0.3623995737 0.0385557275 0.0000112232 0.5072949592 0.0000124754 0.0917260409 
0.0184291171 0.9211244416 0.0000000000 0.0039192810 0.0001782727 0.0563488876 
0.8938529443 0.1061469164 0.0000000000 0.0000001026 0.0000000284 0.0000000083 
0.2594308770 0.7405530328 0.0000000025 0.0000160842 0.0000000000 0.0000000035 
0.9996152902 0.0002276512 0.0000000143 0.0001163214 0.0000202614 0.0000204616 
0.7969639105 0.0000000000 0.0000000000 0.0000000210 0.0000000003 0.2030360682 
0.9609270063 0.0390102576 0.0000000002 0.0000052357 0.0000574996 0.0000000007 
0.0012635117 0.0023814730 0.0000000002 0.0188431370 0.0000006886 0.9775111896 
0.0000108117 0.0003872666 0.0000000184 0.9952577496 0.0022051872 0.0021389665 
0.0035720540 0.0000797835 0.0000000876 0.8356039265 0.0177363605 0.1430077878 
0.9625259719 0.0000018808 0.0000000001 0.0007132067 0.0000003421 0.0367585985 
0.9999982004 0.0000017995 0.0000000000 0.0000000000 0.0000000000 0.0000000002 
0.0090426797 0.0166031205 0.0008952603 0.3575578811 0.6055941074 0.0103069509 
0.0005155585 0.9994160078 0.0000000001 0.0000054952 0.0000620717 0.0000008667 
0.9999732271 0.0000259744 0.0000000000 0.0000007823 0.0000000122 0.0000000040 
0.0567242533 0.3864456570 0.5568278896 0.0000019193 0.0000002775 0.0000000035 
0.0034935511 0.0586876381 0.0003398908 0.0026692107 0.1478128033 0.7869969059 
0.3490880697 0.5504472709 0.0000006749 0.0116141451 0.0824189208 0.0064309186 
0.9999715674 0.0000158262 0.0000000000 0.0000030846 0.0000000000 0.0000095218 
0.9991971949 0.0000000004 0.0000000000 0.0000000105 0.0000000000 0.0008027941 
0.0020784369 0.7076378030 0.0000111649 0.2902691673 0.0000030872 0.0000003406 
0.9460095362 0.0407209311 0.0000089769 0.0053655294 0.0000071859 0.0078878405 
0.0047914421 0.9666858497 0.0000276929 0.0017813507 0.0267134813 0.0000001833 
0.0001423110 0.9931790898 0.0000000044 0.0000699026 0.0000002398 0.0066084524 
0.1786257481 0.8213308009 0.0000000290 0.0000432375 0.0000000162 0.0000001683 
0.2130837889 0.0000000192 0.0000000000 0.0000000004 0.0002578007 0.7866583907 
0.9998206683 0.0000000633 0.0000000000 0.0000013260 0.0000000021 0.0001779402 
0.9999945241 0.0000000014 0.0000000000 0.0000006265 0.0000000001 0.0000048478 
0.0088046327 0.9911746868 0.0000000152 0.0000198540 0.0000000105 0.0000008009 
0.9999969164 0.0000000011 0.0000000000 0.0000000000 0.0000000008 0.0000030817 
0.2288995158 0.7471595919 0.0000000005 0.0000000179 0.0000000213 0.0239408526 
0.9999999809 0.0000000005 0.0000000000 0.0000000176 0.0000000004 0.0000000006 
0.9999999990 0.0000000010 0.0000000000 0.0000000000 0.0000000000 0.0000000000 
0.0340652311 0.9589993409 0.0000017271 0.0004849492 0.0017278527 0.0047208990 
0.0096411253 0.9358679346 0.0000000154 0.0515174816 0.0009435680 0.0020298750 
0.4032074689 0.0149454133 0.0000005732 0.0020627176 0.5558981309 0.0238856961 
0.9978871796 0.0001055206 0.0000015104 0.0015187888 0.0000804785 0.0004065221 
0.0000120496 0.0456473123 0.0145995424 0.9265148214 0.0109019489 0.0023243255 
0.1578171973 0.0044716528 0.0000000000 0.7566414420 0.0002223814 0.0808473265 
0.9997022688 0.0002365219 0.0000000000 0.0000000712 0.0000086158 0.0000525224 
0.9553201097 0.0426565699 0.0000004697 0.0000078373 0.0007031842 0.0013118292 
0.0333174994 0.0932534960 0.0000001180 0.7911020704 0.0814820808 0.0008447354 
0.9999263771 0.0000534020 0.0000000001 0.0000067191 0.0000001187 0.0000133831 
0.1267011649 0.7659552801 0.0000051923 0.0174914092 0.0000041548 0.0898427988 
0.9999644256 0.0000000089 0.0000000007 0.0000000000 0.0000005021 0.0000350627 
0.9999999490 0.0000000014 0.0000000000 0.0000000001 0.0000000001 0.0000000494 
0.1260482997 0.4881235874 0.0011766980 0.3797019002 0.0049201586 0.0000293560 
0.9999180008 0.0000811101 0.0000000000 0.0000005619 0.0000003206 0.0000000067 
0.8252383706 0.0386399746 0.0000009228 0.0000048383 0.1172800681 0.0188358256 
0.0009944379 0.9989989186 0.0000000386 0.0000002148 0.0000022226 0.0000041674 
0.9999545641 0.0000067496 0.0000000000 0.0000233783 0.0000000085 0.0000152995 
0.7199750462 0.2666234724 0.0000005649 0.0020500758 0.0049140085 0.0064368321 
0.1101573322 0.0585871921 0.0169467258 0.3980878358 0.3694570681 0.0467638460 
0.9999999984 0.0000000000 0.0000000000 0.0000000000 0.0000000000 0.0000000016 
0.9999836104 0.0000000000 0.0000000000 0.0000000301 0.0000000001 0.0000163594 
0.1403189133 0.0000000000 0.0000000000 0.0000000010 0.0000000002 0.8596810855 
0.0023491948 0.9367325690 0.0235273270 0.0039726114 0.0219609629 0.0114573350 
0.9970523489 0.0029474812 0.0000000001 0.0000001662 0.0000000018 0.0000000018 
0.9982382926 0.0017296635 0.0000000001 0.0000061287 0.0000258231 0.0000000921 
0.0023465733 0.0001107418 0.0019053803 0.2261421274 0.0554616820 0.7140334951 
0.9999999999 0.0000000000 0.0000000000 0.0000000000 0.0000000000 0.0000000001 
0.1538363400 0.8444588380 0.0000000001 0.0017039536 0.0000008576 0.0000000108 
0.0000000006 0.9999926280 0.0000000000 0.0000073714 0.0000000000 0.0000000000 
0.9863139328 0.0135729669 0.0000002142 0.0000008511 0.0001034597 0.0000085753 
0.9909469296 0.0088435402 0.0000334905 0.0000894641 0.0000766191 0.0000099565 
0.5626812052 0.0274856546 0.0000824938 0.0569436416 0.0084077296 0.3443992751 
0.0000107274 0.0646978831 0.0000000001 0.0134561549 0.0134755049 0.9083597296 
0.9852100713 0.0000000002 0.0000000000 0.0000023621 0.0000011034 0.0147864631 
0.0000101664 0.0007494643 0.0000011526 0.0957412803 0.3015298179 0.6019681186 
0.9999999330 0.0000000646 0.0000000000 0.0000000002 0.0000000000 0.0000000022 
0.0029452143 0.9954392431 0.0000000430 0.0000219143 0.0000592855 0.0015342998 
0.9995384200 0.0001778179 0.0000000002 0.0000001868 0.0000239513 0.0002596238 
0.1483797553 0.0005198460 0.0000000140 0.0002426622 0.0000087740 0.8508489486 
0.7180608636 0.2669957677 0.0000000082 0.0022250148 0.0099219272 0.0027964185 
0.4449792514 0.0341088864 0.0000000563 0.4800813144 0.0246531992 0.0161772923 
0.4504152836 0.0958488711 0.1467356639 0.1224706022 0.0041650699 0.1803645093 
0.1156883983 0.8803292238 0.0000581327 0.0038932588 0.0000114513 0.0000195351 
0.9999999994 0.0000000000 0.0000000000 0.0000000000 0.0000000000 0.0000000006 
0.9551741189 0.0000000078 0.0000000000 0.0000000069 0.0000001079 0.0448257586 
0.9999999669 0.0000000004 0.0000000000 0.0000000001 0.0000000000 0.0000000326 
0.9999999948 0.0000000020 0.0000000000 0.0000000006 0.0000000000 0.0000000025 
0.0012831361 0.0467500284 0.0000000030 0.0742576928 0.0192275679 0.8584815718 
0.4665841880 0.0811836781 0.0000030883 0.0653629933 0.1752971694 0.2115688830 
0.9675234839 0.0008364778 0.0000037181 0.0041196499 0.0045705637 0.0229461066 
0.0528735319 0.8428227545 0.0006826334 0.0167843309 0.0463984244 0.0404383250 
0.0111607888 0.0097550041 0.0001155813 0.9595570325 0.0156835023 0.0037280909 
0.7533583888 0.2389883692 0.0000000001 0.0000000307 0.0000000543 0.0076531568 
0.0136710979 0.9257420135 0.0000003289 0.0009874927 0.0582296963 0.0013693706 
0.3786811200 0.4206555738 0.0000000254 0.0117354074 0.1889266841 0.0000011893 
0.9999854792 0.0000000731 0.0000000000 0.0000000001 0.0000014563 0.0000129912 
0.0020223393 0.0046038855 0.9933031569 0.0000621219 0.0000084875 0.0000000089 
0.9987086332 0.0000000001 0.0000000000 0.0000004297 0.0000000012 0.0012909358 
0.9923315562 0.0076674444 0.0000000008 0.0000009816 0.0000000031 0.0000000139 
0.0000001697 0.2804411043 0.7183691914 0.0010996884 0.0000588808 0.0000309654 
0.9804125916 0.0003694514 0.0000000000 0.0072161705 0.0004811164 0.0115206701 
0.0003375036 0.0000327172 0.0000000000 0.6062370148 0.0000656899 0.3933270745 
0.0008202348 0.0043287276 0.0000000002 0.9930425509 0.0002009568 0.0016075298 
0.0365217111 0.0111536188 0.0123541179 0.7865005657 0.1505413368 0.0029286498 
0.0001224766 0.2287957238 0.0160207609 0.7543182561 0.0002084571 0.0005343254 
0.0000054134 0.0000232994 0.0000005700 0.9997554992 0.0001681631 0.0000470550 
0.9645490121 0.0156251012 0.0000000486 0.0044822461 0.0000200301 0.0153235620 
0.9999914375 0.0000085335 0.0000000000 0.0000000289 0.0000000000 0.0000000001 
0.0000119373 0.8786729336 0.0384596844 0.0002220197 0.0826209461 0.0000124789 
0.9999999794 0.0000000198 0.0000000000 0.0000000004 0.0000000000 0.0000000004 
0.1040200744 0.2203011328 0.0000459917 0.6740297081 0.0015211575 0.0000819353 
0.9996739103 0.0000002666 0.0000000000 0.0000253733 0.0000007864 0.0002996635 
0.9999559559 0.0000027919 0.0000000000 0.0000228860 0.0000000000 0.0000183662 
0.0686151894 0.0000000032 0.8690322224 0.0622621048 0.0000032536 0.0000872266 
0.9996283259 0.0000000687 0.0000000000 0.0000000075 0.0000016250 0.0003699729 
0.9999915018 0.0000000000 0.0000000000 0.0000000114 0.0000000000 0.0000084868 
0.9345586791 0.0146350615 0.0000021523 0.0087782330 0.0157070172 0.0263188568 
0.9999988593 0.0000000000 0.0000000000 0.0000000010 0.0000000000 0.0000011397 
0.2012284079 0.0000013970 0.0000000002 0.0000894706 0.1525822651 0.6460984591 
0.5672629618 0.0000000000 0.0000000000 0.0000005608 0.0000002916 0.4327361858 
0.3626391338 0.5701876295 0.0000000407 0.0139761868 0.0000138910 0.0531831182 
0.0006177802 0.0170010669 0.0000002918 0.0124320761 0.0048936908 0.9650550942 
0.0631417034 0.0026035244 0.0001022853 0.0905276380 0.7004612906 0.1431635582 
0.0008751659 0.0000059287 0.0002883512 0.8946122989 0.0000001957 0.1042180596 
0.9999999573 0.0000000056 0.0000000000 0.0000000370 0.0000000000 0.0000000000 
0.8501348425 0.1485251699 0.0000000000 0.0012779635 0.0000597883 0.0000022359 
0.0201166844 0.9284706319 0.0000033141 0.0003146465 0.0010992032 0.0499955199 
0.0447667259 0.0000020915 0.0000000018 0.0000149641 0.0000319539 0.9551842627 
0.4708473858 0.0033920132 0.0000000433 0.0233298722 0.1338311036 0.3685995819 
0.8387791480 0.0000000000 0.0000000000 0.0000069175 0.0000000035 0.1612139310 
0.9870783971 0.0000324054 0.0000000000 0.0041802843 0.0006990603 0.0080098530 
0.9983964236 0.0000032770 0.0000000000 0.0003931454 0.0012061195 0.0000010345 
0.2201977919 0.7796768220 0.0000000002 0.0001242142 0.0000011717 0.0000000000 
0.9843108672 0.0156880048 0.0000000040 0.0000000049 0.0000011189 0.0000000001 
0.7991535401 0.1866359806 0.0000000023 0.0024142043 0.0000011077 0.0117951649 
0.9729376762 0.0000160048 0.0000000000 0.0000015870 0.0000000052 0.0270447268 
0.0228328675 0.0763281827 0.0000000001 0.0000017813 0.9007528102 0.0000843582 
0.0347552171 0.9368888880 0.0000047864 0.0249087556 0.0025371361 0.0009052167 
0.9741556591 0.0201685843 0.0000061196 0.0006353678 0.0043970633 0.0006372059 
0.1453999558 0.8477745480 0.0002257078 0.0038124169 0.0026688108 0.0001185607 
0.0708740847 0.9291252978 0.0000000003 0.0000000029 0.0000006070 0.0000000072 
0.0055807967 0.9932589824 0.0000702821 0.0000449396 0.0001262680 0.0009187312 
0.0088113825 0.9035044027 0.0000395814 0.0066087249 0.0285606830 0.0524752254 
0.0001262471 0.9978645816 0.0001100675 0.0005062348 0.0005030494 0.0008898196 
0.9999998661 0.0000001145 0.0000000000 0.0000000190 0.0000000000 0.0000000004 
0.2970970012 0.0005414450 0.0000000002 0.0171180911 0.0001126029 0.6851308595 
0.9999887926 0.0000000298 0.0000000001 0.0000000031 0.0000000001 0.0000111744 
0.9999911745 0.0000000382 0.0000000000 0.0000018208 0.0000000014 0.0000069651 
0.5627547661 0.4224638312 0.0000065927 0.0002880083 0.0142388411 0.0002479606 
0.0000593586 0.0077110782 0.0000000001 0.8263761666 0.0000000063 0.1658533902 
0.9999998427 0.0000000000 0.0000000000 0.0000000000 0.0000000000 0.0000001573 
0.7154745743 0.1040209013 0.0012985872 0.1607858403 0.0183208891 0.0000992078 
0.9849209501 0.0000007677 0.0000000020 0.0003573084 0.0000047414 0.0147162305 
0.9506652445 0.0000042489 0.0000000006 0.0001806423 0.0001458562 0.0490040075 
0.9995036945 0.0000068259 0.0000000000 0.0000098158 0.0000166643 0.0004629995 
0.2566330646 0.0054550649 0.0000000008 0.0098659453 0.0000067784 0.7280391460 
0.9998176373 0.0000520064 0.0000000042 0.0000041834 0.0000000331 0.0001261356 
0.0030308346 0.0000146302 0.0000000003 0.0018553360 0.0094349349 0.9856642640 
0.9999474007 0.0000128389 0.0000000050 0.0000000486 0.0000000188 0.0000396880 
0.0319839478 0.4805258609 0.0000066207 0.0207159578 0.0505895830 0.4161780297 
0.0055704186 0.0001393149 0.0000000006 0.0000020285 0.0239634775 0.9703247599 
0.6769843376 0.3196544682 0.0002049215 0.0010814425 0.0016933135 0.0003815167 
0.0000314281 0.0055850177 0.0000000001 0.9921325998 0.0000000704 0.0022508838 
0.0173830950 0.0017665693 0.9762365885 0.0044255630 0.0001477377 0.0000404465 
0.0421300716 0.0003297023 0.0000003682 0.9568482601 0.0000041458 0.0006874520 
0.0011459795 0.9988443557 0.0000000054 0.0000092973 0.0000003463 0.0000000160 
0.0000000143 0.5109300951 0.0000000563 0.0000000710 0.4888336037 0.0002361595 
0.0316562140 0.9384937151 0.0091664335 0.0138676583 0.0068141039 0.0000018753 
0.7559896228 0.1840777174 0.0000003196 0.0384547979 0.0036484129 0.0178291294 
0.0547808343 0.9442178065 0.0000021121 0.0001757925 0.0005964115 0.0002270431 
0.9942636397 0.0007253703 0.0000087690 0.0002827611 0.0042858603 0.0004335996 
0.9982245384 0.0001698924 0.0000000000 0.0000031672 0.0000041832 0.0015982187 
0.6605511873 0.3192110715 0.0003674485 0.0188493095 0.0001706195 0.0008503637 
0.9999999998 0.0000000000 0.0000000000 0.0000000001 0.0000000000 0.0000000001 
0.0034340565 0.0000041161 0.0000000118 0.0000015519 0.0093852217 0.9871750419 
0.0045481324 0.9944849715 0.0003124796 0.0000579647 0.0005922405 0.0000042112 
0.9940455068 0.0058161085 0.0000807591 0.0000573658 0.0000002388 0.0000000210 
0.0179438333 0.9818832961 0.0001152640 0.0000576066 0.0000000000 0.0000000001 
0.9979263800 0.0020545071 0.0000045966 0.0000007250 0.0000000002 0.0000137912 
0.9999746972 0.0000247140 0.0000000000 0.0000005868 0.0000000000 0.0000000020 
0.9998192565 0.0001550127 0.0000000103 0.0000065337 0.0000000011 0.0000191856 
0.0002431357 0.9624241571 0.0000100476 0.0020444451 0.0349640748 0.0003141397 
0.3303811843 0.4460724194 0.0068488439 0.2166928377 0.0000045417 0.0000001730 
0.1180392018 0.1677035795 0.0016543568 0.1086592476 0.0285311666 0.5754124478 
0.8208787023 0.1773049486 0.0000030998 0.0001520625 0.0016472402 0.0000139467 
0.9999998100 0.0000000000 0.0000000000 0.0000000000 0.0000000000 0.0000001900 
0.0041215314 0.0013657576 0.0000000050 0.5109222708 0.0000000106 0.4835904245 
0.9999999991 0.0000000000 0.0000000000 0.0000000000 0.0000000000 0.0000000008 
0.0055396488 0.9425117507 0.0000537347 0.0469627514 0.0020199856 0.0029121287 
0.9108784508 0.0772960677 0.0000031717 0.0009426196 0.0044584319 0.0064212582 
0.9999974481 0.0000000007 0.0000000000 0.0000000002 0.0000000000 0.0000025509 
0.8585192761 0.0003681888 0.0000000000 0.0020874563 0.0162974082 0.1227276706 
0.9368372439 0.0001769081 0.0000065014 0.0000665988 0.0000369148 0.0628758330 
0.1390403847 0.0000641207 0.0000000487 0.0000843320 0.0000105524 0.8608005615 
0.9999975733 0.0000017711 0.0000000000 0.0000001590 0.0000004965 0.0000000000 
0.0433084497 0.4267737080 0.0002006007 0.2802351028 0.0339941204 0.2154880184 
0.9597355854 0.0165017785 0.0000001039 0.0026048865 0.0141841603 0.0069734855 
0.0009875500 0.9975906355 0.0000016652 0.0013928888 0.0000272172 0.0000000433 
0.9999973256 0.0000000034 0.0000000000 0.0000000438 0.0000000636 0.0000025636 
0.9998745511 0.0000249164 0.0000476287 0.0000016666 0.0000073796 0.0000438577 
0.3429510617 0.0059490543 0.0000000015 0.6164322213 0.0000034175 0.0346642438 
0.3158180757 0.6208230668 0.0000135259 0.0579575942 0.0002294085 0.0051583289 
0.6984098503 0.2016905750 0.0000301903 0.0745879179 0.0180790116 0.0072024548 
0.8447469891 0.1399742010 0.0000040438 0.0152743632 0.0000000006 0.0000004023 
0.9617751457 0.0183634833 0.0000174638 0.0194766594 0.0000002082 0.0003670397 
0.9070895064 0.0928910025 0.0000176579 0.0000018248 0.0000000012 0.0000000072 
0.9999999584 0.0000000358 0.0000000000 0.0000000004 0.0000000000 0.0000000054 
0.0005124968 0.0080188546 0.0000000008 0.9914379741 0.0000000086 0.0000306652 
0.0000027967 0.8073064262 0.0000000000 0.1844493293 0.0000001437 0.0082413041 
0.9999999891 0.0000000006 0.0000000000 0.0000000000 0.0000000000 0.0000000103 
0.9999999189 0.0000000001 0.0000000000 0.0000000000 0.0000000000 0.0000000810 
0.9984964186 0.0014330147 0.0000023318 0.0000008534 0.0000672895 0.0000000921 
0.0236205366 0.9259546259 0.0000006782 0.0085361915 0.0000307182 0.0418572496 
0.9999993062 0.0000000289 0.0000000071 0.0000006227 0.0000000170 0.0000000181 
0.9999996937 0.0000002860 0.0000000000 0.0000000014 0.0000000000 0.0000000189 
0.9966062872 0.0000000003 0.0000000000 0.0000000401 0.0000001291 0.0033935433 
0.0142529877 0.6436368751 0.0351197650 0.1701988568 0.1346643797 0.0021271356 
0.4305279371 0.0000400567 0.0000000045 0.0621088107 0.0147468508 0.4925763402 
0.9998822713 0.0001093861 0.0000000156 0.0000061904 0.0000021362 0.0000000003 
0.0006784408 0.8647068133 0.0000000679 0.0049303832 0.0008482107 0.1288360842 
0.9991724033 0.0003151811 0.0000000006 0.0000068028 0.0001688158 0.0003367964 
0.8683091009 0.1205555056 0.0000000011 0.0046981828 0.0000022490 0.0064349607 
0.9948913889 0.0051086030 0.0000000000 0.0000000081 0.0000000000 0.0000000001 
0.0000000016 0.0001800947 0.0000000001 0.0161522662 0.9815306530 0.0021369843 
0.2587616134 0.0023758761 0.0041748710 0.7276749049 0.0030638281 0.0039489065 
0.9670754049 0.0321121286 0.0000026587 0.0007319641 0.0000225130 0.0000553306 
0.1807939765 0.7674439256 0.0000743455 0.0395947673 0.0120307537 0.0000622313 
0.0002702851 0.9989777469 0.0000000148 0.0007496327 0.0000000017 0.0000023188 
0.1253496424 0.0000000324 0.7317530807 0.1428570904 0.0000285048 0.0000116493 
0.9963835961 0.0000526181 0.0000000688 0.0000429896 0.0000042328 0.0035164945 
0.0000000041 0.0002467431 0.9994871917 0.0000037166 0.0002623421 0.0000000024 
0.9953214641 0.0000001327 0.0000000000 0.0000436545 0.0000100720 0.0046246767 
0.9991306054 0.0000000000 0.0000000000 0.0000000046 0.0000000005 0.0008693895 
0.9241089543 0.0019672156 0.0000000156 0.0164048453 0.0574790871 0.0000398820 
0.0514625876 0.7873258311 0.0000001955 0.0828523309 0.0669235735 0.0114354814 
0.9423649924 0.0000568201 0.0000000000 0.0013550934 0.0000008367 0.0562222574 
0.9998880096 0.0001091988 0.0000000001 0.0000022618 0.0000001310 0.0000003987 
0.9999999998 0.0000000000 0.0000000000 0.0000000000 0.0000000000 0.0000000001 
0.9999997875 0.0000000015 0.0000000000 0.0000000202 0.0000000000 0.0000001908 
0.1660396872 0.7674562939 0.0013864465 0.0540425915 0.0097620783 0.0013129027 
0.9783288134 0.0002066554 0.0000000002 0.0000000270 0.0000021396 0.0214623644 
0.9990048351 0.0009950966 0.0000000006 0.0000000641 0.0000000028 0.0000000008 
0.0025392919 0.0094500504 0.0000000000 0.9872717770 0.0003121203 0.0004267604 
0.0109722086 0.9619246242 0.0000001160 0.0260966932 0.0000086757 0.0009976823 
0.0015796609 0.3595114907 0.0000013129 0.0318905539 0.5962351062 0.0107818754 
0.1119612030 0.0000000000 0.0000000000 0.0000007512 0.0000000003 0.8880380455 
0.9937550179 0.0005827538 0.0000003400 0.0010445482 0.0041027234 0.0005146168 
0.9887601141 0.0111481036 0.0000000031 0.0000066034 0.0000013842 0.0000837916 
0.9999858575 0.0000140338 0.0000000012 0.0000000003 0.0000000756 0.0000000316 
0.5216051486 0.0635051855 0.0001926275 0.2895654978 0.1242563594 0.0008751813 
0.0009766287 0.8886955066 0.0000000068 0.0010091458 0.1091808427 0.0001378694 
0.9973158111 0.0024827362 0.0000000063 0.0000020921 0.0000000002 0.0001993541 
0.9990063974 0.0006614644 0.0000000064 0.0003267018 0.0000002232 0.0000052068 
0.0034287433 0.9831678903 0.0000614570 0.0000250903 0.0133124075 0.0000044116 
0.9386091943 0.0584383489 0.0019733371 0.0003411363 0.0001979405 0.0004400428 
0.7347654645 0.2646546684 0.0000000105 0.0002551443 0.0000002653 0.0003244470 
0.9982628337 0.0010665088 0.0000000104 0.0006702257 0.0000000007 0.0000004206 
0.0337981918 0.0011305895 0.0000039935 0.0029508347 0.6205282265 0.3415881641 
0.0355862443 0.8482228736 0.0887036821 0.0128346971 0.0145514530 0.0001010499 
0.9999768015 0.0000231416 0.0000000068 0.0000000001 0.0000000501 0.0000000000 
0.9998150070 0.0000904395 0.0000000000 0.0000035599 0.0000000089 0.0000909848 
0.9999995510 0.0000000008 0.0000000000 0.0000003265 0.0000000038 0.0000001179 
0.0107558549 0.9892228959 0.0000000003 0.0000200538 0.0000000001 0.0000011949 
0.0837436610 0.6612057165 0.0000070915 0.2479804095 0.0035403181 0.0035228034 
0.6481951595 0.0176253294 0.0000042087 0.2043649176 0.1277461468 0.0020642380 
0.9875015257 0.0112646116 0.0000105569 0.0004866108 0.0001075326 0.0006291624 
0.7636124084 0.0302819941 0.0000000001 0.0041538180 0.0028346770 0.1991171022 
0.9942729317 0.0000036713 0.0000007585 0.0006553792 0.0003407071 0.0047265522 
0.6827205520 0.3120532096 0.0000683867 0.0001120338 0.0050445965 0.0000012213 
0.0229761737 0.2453883771 0.0000420194 0.0030335346 0.4131600480 0.3153998471 
0.9659361885 0.0338112140 0.0000019714 0.0000158099 0.0000026491 0.0002321672 
0.9999999427 0.0000000442 0.0000000000 0.0000000000 0.0000000000 0.0000000131 
0.9969477431 0.0030460376 0.0000000013 0.0000002177 0.0000058837 0.0000001166 
0.0070426748 0.0000000000 0.0000000000 0.0000000764 0.0000000000 0.9929572488 
0.9999419979 0.0000002203 0.0000000000 0.0000006247 0.0000001453 0.0000570118 
0.0000056205 0.0000121708 0.0000000061 0.0000097711 0.0114211628 0.9885512687 
0.9999999903 0.0000000097 0.0000000000 0.0000000000 0.0000000000 0.0000000000 
0.9998373855 0.0001548698 0.0000000000 0.0000020887 0.0000056499 0.0000000062 
0.1696073638 0.1354000977 0.0212602413 0.0004215552 0.6170543575 0.0562563844 
0.0015454521 0.5149620760 0.0000002060 0.0008351481 0.4794748457 0.0031822720 
0.0002497009 0.0000000016 0.0000000000 0.0001329768 0.0000002615 0.9996170592 
0.0006069742 0.0010477304 0.0000000002 0.0001232472 0.0000624135 0.9981596345 
0.9999997772 0.0000002097 0.0000000000 0.0000000129 0.0000000000 0.0000000001 
0.9999114741 0.0000700854 0.0000000000 0.0000122472 0.0000000000 0.0000061932 
0.9891706625 0.0107290043 0.0000001178 0.0000042729 0.0000952391 0.0000007033 
0.0004316097 0.7694120728 0.2279845457 0.0002238216 0.0015281502 0.0004197999 
0.8077943703 0.1919786470 0.0000000931 0.0002200119 0.0000063135 0.0000005640 
0.0008510999 0.0059010790 0.0000000004 0.1310223769 0.2093759039 0.6528495400 
0.9999999966 0.0000000034 0.0000000000 0.0000000000 0.0000000000 0.0000000000 
0.9913186504 0.0004626671 0.0000340873 0.0002697931 0.0015104262 0.0064043759 
0.9986631419 0.0008560771 0.0000000019 0.0001112657 0.0001644118 0.0002051016 
0.9999725305 0.0000252091 0.0000000000 0.0000000557 0.0000007669 0.0000014377 
0.0653100721 0.9346894161 0.0000000053 0.0000004573 0.0000000001 0.0000000491 
0.9999511093 0.0000478922 0.0000000008 0.0000007709 0.0000001578 0.0000000690 
0.9671130183 0.0102668278 0.0000000028 0.0000548274 0.0225214856 0.0000438382 
0.0243783460 0.9638851614 0.0000000000 0.0000285662 0.0000032532 0.0117046733 
0.0122311588 0.1276429642 0.0007800889 0.7577937990 0.0004533911 0.1010985979 
0.9999998690 0.0000000584 0.0000000000 0.0000000656 0.0000000000 0.0000000070 
0.0419027499 0.9475896611 0.0000032279 0.0012863102 0.0012128246 0.0080052262 
0.9999849428 0.0000150552 0.0000000000 0.0000000000 0.0000000020 0.0000000000 
0.9999928689 0.0000012051 0.0000000257 0.0000001292 0.0000000202 0.0000057510 
0.0357695108 0.0000000607 0.0000000000 0.0000004276 0.0000002186 0.9642297824 
0.4338663747 0.5645650285 0.0000000000 0.0000000031 0.0000000000 0.0015685937 
0.3536979655 0.0000000002 0.0000000000 0.0000035985 0.0000000007 0.6462984350 
0.9989341500 0.0000031266 0.0000000001 0.0000146136 0.0000014397 0.0010466700 
0.0000875278 0.0271125823 0.0000000127 0.0011964249 0.0842970312 0.8873064210 
0.4953580956 0.0467472574 0.0000072451 0.4084089370 0.0417791732 0.0076992917 
0.0000139972 0.0000010940 0.0000000009 0.0000160748 0.0000007134 0.9999681197 
0.9999997419 0.0000002564 0.0000000000 0.0000000007 0.0000000010 0.0000000000 
0.9591588130 0.0392416618 0.0000000001 0.0012248542 0.0000000040 0.0003746668 
0.0000000000 0.0000000000 0.0000000000 0.0000296763 0.9999703114 0.0000000123 
0.0000000001 0.0000004435 0.0000000055 0.9714508008 0.0000075594 0.0285411908 
0.9976210311 0.0000470435 0.0000000000 0.0000101149 0.0000005226 0.0023212879 
0.0336195757 0.9411957917 0.0000000013 0.0251832880 0.0000006006 0.0000007427 
0.0073346771 0.0005523073 0.0000000027 0.3202204658 0.0008736848 0.6710188622 
0.0087661267 0.9911902691 0.0000009383 0.0000426630 0.0000000003 0.0000000026 
0.9999892107 0.0000107891 0.0000000000 0.0000000002 0.0000000000 0.0000000000 
0.9983455457 0.0000645434 0.0004741542 0.0001642052 0.0000003010 0.0009512505 
0.9941902603 0.0048155878 0.0000030033 0.0001323503 0.0007745687 0.0000842295 
0.2846785043 0.5038516473 0.0034281010 0.0009702052 0.0024520155 0.2046195267 
0.0001611207 0.9678821570 0.0000000000 0.0000004757 0.0319552358 0.0000010108 
0.1154451826 0.0000000000 0.0000000000 0.0000000151 0.0000000000 0.8845548023 
0.9755597081 0.0000000000 0.0000000000 0.0000000002 0.0000000114 0.0244402802 
0.9686358294 0.0034196180 0.0000079341 0.0000009671 0.0004558011 0.0274798503 
0.9425509779 0.0000005546 0.0000000000 0.0000000037 0.0010806585 0.0563678053 
0.0048501835 0.0000044866 0.0000000000 0.0003842087 0.0000000391 0.9947610821 
0.0084818164 0.0013190698 0.0000000001 0.2941163086 0.6811819057 0.0149008994 
0.0030271356 0.9736204311 0.0000003957 0.0080356959 0.0004495461 0.0148667956 
0.9900611663 0.0055245051 0.0000000008 0.0021825640 0.0002170750 0.0020146888 
0.0012756053 0.0010487801 0.0000000000 0.0008851576 0.9967799100 0.0000105469 
0.9989652917 0.0000000000 0.0000000000 0.0000000001 0.0000000000 0.0010347083 
0.0056614638 0.7777290039 0.0000000413 0.0498840240 0.0617656051 0.1049598619 
0.0032439989 0.9485806977 0.0039535862 0.0027333010 0.0414516848 0.0000367314 
0.1456866685 0.0083535327 0.0008380015 0.0431522341 0.0112236687 0.7907458946 
0.0000001518 0.9999998249 0.0000000000 0.0000000193 0.0000000041 0.0000000000 
0.9212236879 0.0787490259 0.0000000287 0.0000014200 0.0000000221 0.0000258155 
0.5358537579 0.0002883078 0.0000082208 0.3995086445 0.0022920107 0.0620490582 
0.9999999868 0.0000000008 0.0000000002 0.0000000000 0.0000000024 0.0000000098 
0.9999995999 0.0000000000 0.0000000000 0.0000000015 0.0000000000 0.0000003986 
0.0833408757 0.6129768761 0.0111256403 0.2134922865 0.0771843793 0.0018799420 
0.0011378092 0.6280806984 0.0000000165 0.0105529763 0.0226713234 0.3375571762 
0.7682301181 0.0000197182 0.0000000004 0.0000071595 0.0096114181 0.2221315858 
0.1277415560 0.0027376605 0.0000002275 0.8678436913 0.0000002505 0.0016766142 
0.9979723358 0.0013095684 0.0000335886 0.0000638131 0.0001010179 0.0005196762 
0.6478834225 0.0000000000 0.0000000000 0.0000008901 0.0000000477 0.3521156397 
0.1835712315 0.0000000000 0.0000000000 0.0000000137 0.0000001761 0.8164285787 
0.0001085644 0.0021781901 0.0000020064 0.0168678695 0.0017937567 0.9790496128 
0.0039821860 0.1322272039 0.0000000849 0.8624229340 0.0000003618 0.0013672292 
0.9867460633 0.0000000000 0.0000000000 0.0000000000 0.0000000000 0.0132539367 
0.0006606266 0.0023424343 0.0000004777 0.0008652682 0.0000611055 0.9960700877 
1.0000000000 0.0000000000 0.0000000000 0.0000000000 0.0000000000 0.0000000000 
0.4231923181 0.4227766737 0.0000000014 0.1537684675 0.0000069356 0.0002556037 
0.9999996185 0.0000000006 0.0000000000 0.0000000089 0.0000000000 0.0000003721 
0.9979258017 0.0000217683 0.0001447000 0.0000516519 0.0003599112 0.0014961669 
0.9998577771 0.0000001599 0.0000000000 0.0000001041 0.0000002142 0.0001417447 
0.5020013294 0.4977129508 0.0000000000 0.0002857192 0.0000000001 0.0000000005 
0.0139285837 0.9857586679 0.0002070838 0.0000241437 0.0000789816 0.0000025393 
0.0000015482 0.9998783600 0.0000000046 0.0000000128 0.0001135431 0.0000065313 
0.0000275547 0.0563505693 0.0000000007 0.0164518190 0.0016953045 0.9254747518 
0.0006151737 0.0000112777 0.0000000058 0.0000129862 0.0000854067 0.9992751498 
0.7462049623 0.0000022259 0.0000000016 0.0000016101 0.0036403356 0.2501508645 
0.0538914984 0.9437305103 0.0000001079 0.0007747798 0.0015005276 0.0001025761 
0.0014487329 0.0015653921 0.0000001670 0.0126534434 0.3771816935 0.6071505712 
0.9506201183 0.0491759170 0.0000073705 0.0001405099 0.0000003247 0.0000557596 
0.0022752487 0.0860746685 0.0000000039 0.0003693631 0.9112792342 0.0000014817 
0.2254916661 0.0001867789 0.0000000478 0.0000106367 0.7580874255 0.0162234450 
0.0015443631 0.0021055293 0.0000061246 0.0055480526 0.0081270612 0.9826688693 
0.1515685247 0.0000000000 0.0000000000 0.0000007842 0.0000032265 0.8484274645 
0.9167569479 0.0402277485 0.0000001426 0.0007413826 0.0411390865 0.0011346919 
0.9998797720 0.0000000000 0.0000000000 0.0000000000 0.0000000000 0.0001202280 
0.9999380916 0.0000000189 0.0000000050 0.0000000005 0.0000000045 0.0000618794 
0.9999973768 0.0000009611 0.0000000000 0.0000000060 0.0000000000 0.0000016561 
0.0039815857 0.0409641817 0.3426403244 0.6078662824 0.0018282985 0.0027193273 
0.0192552218 0.9265016294 0.0000000779 0.0541108755 0.0000782435 0.0000539520 
0.0000000685 0.0000000062 0.0000000000 0.0008659155 0.0000030281 0.9991309817 
0.9500819800 0.0499172759 0.0000000773 0.0000000065 0.0000006603 0.0000000000 
0.9953788585 0.0042717610 0.0000066720 0.0001452906 0.0001933558 0.0000040621 
0.0168617227 0.0386663577 0.0001025285 0.0934922269 0.4012206904 0.4496564738 
0.9999502540 0.0000494728 0.0000000000 0.0000002510 0.0000000000 0.0000000222 
0.8616416623 0.1354698923 0.0000004481 0.0001678271 0.0020719078 0.0006482624 
0.0605618920 0.9374632303 0.0000000477 0.0006994581 0.0012743099 0.0000010619 
0.7281602601 0.2718373174 0.0000000217 0.0000022533 0.0000000087 0.0000001388 
0.0176725285 0.0000030178 0.0000002064 0.9520216660 0.0302728689 0.0000297124 
0.8946939832 0.0101435031 0.0000001915 0.0000439993 0.0295216390 0.0655966838 
0.0163975621 0.9822144461 0.0000001760 0.0001273867 0.0000009634 0.0012594656 
0.9999969992 0.0000028981 0.0000000000 0.0000000140 0.0000000029 0.0000000858 
0.0000000234 0.9901405093 0.0000000000 0.0000013723 0.0000072352 0.0098508597 
0.0893341193 0.0381288472 0.8651923596 0.0073401947 0.0000044485 0.0000000307 
1.0000000000 0.0000000000 0.0000000000 0.0000000000 0.0000000000 0.0000000000 
0.0118933070 0.9820701256 0.0001020210 0.0059100346 0.0000226472 0.0000018646 
0.9997059542 0.0000469564 0.0000000000 0.0002452472 0.0000001612 0.0000016810 
0.9999884168 0.0000038247 0.0000002006 0.0000013484 0.0000000005 0.0000062091 
0.0022587250 0.0410285882 0.0005918775 0.9474891980 0.0086245599 0.0000070514 
0.9997794801 0.0001682604 0.0000028152 0.0000007749 0.0000484236 0.0000002459 
0.8004561394 0.0863890856 0.0001379862 0.0033114253 0.0146943256 0.0950110379 
0.0000121325 0.0319341214 0.0000000253 0.0028571108 0.0000024130 0.9651941970 
0.1751976280 0.0000831804 0.0000000000 0.6778827251 0.1468313318 0.0000051346 
0.9999997998 0.0000002001 0.0000000000 0.0000000000 0.0000000000 0.0000000001 
0.0000216759 0.0000115087 0.0000051325 0.2120550569 0.0036255400 0.7842810860 
0.9890748867 0.0056920350 0.0000001620 0.0004350589 0.0001307046 0.0046671526 
0.9325540624 0.0627509947 0.0000000035 0.0000477024 0.0000042184 0.0046430187 
0.9997343820 0.0002655038 0.0000000007 0.0000001056 0.0000000080 0.0000000000 
0.6840773943 0.0000000034 0.0000000000 0.0000000136 0.0000779600 0.3158446289 
0.0000226052 0.9991158975 0.0000093087 0.0008367637 0.0000010679 0.0000143571 
0.0000740393 0.9999143291 0.0000000000 0.0000000000 0.0000000000 0.0000116316 
0.0426474100 0.0133599145 0.0000005337 0.8902771265 0.0095552096 0.0441598057 
0.1180764837 0.0000054488 0.0000000005 0.8002576101 0.0008111228 0.0808493341 
0.9720746337 0.0262821066 0.0000019645 0.0016230084 0.0000000048 0.0000182820 
0.6287307574 0.0699376295 0.0000000267 0.2888833518 0.0058424237 0.0066058109 
0.9945886054 0.0054034344 0.0000000008 0.0000078348 0.0000000503 0.0000000743 
0.9999998593 0.0000000000 0.0000000000 0.0000000000 0.0000000000 0.0000001407 
0.0058175536 0.0153850750 0.0000000238 0.9787948778 0.0000024696 0.0000000001 
0.2630199559 0.0657903238 0.0000067282 0.0125358324 0.0094485984 0.6491985613 
0.0017873266 0.9963181064 0.0004069522 0.0005392978 0.0009045054 0.0000438116 
0.0333174994 0.0932534960 0.0000001180 0.7911020704 0.0814820808 0.0008447354 
0.5526661144 0.4463220460 0.0000000010 0.0001930422 0.0000000053 0.0008187911 
0.2745543624 0.0000540289 0.0000139577 0.0272637945 0.0455096932 0.6526041633 
0.0076806245 0.9923193731 0.0000000004 0.0000000019 0.0000000000 0.0000000000 
0.0021179350 0.0001014835 0.0000000033 0.0011984020 0.9589947714 0.0375874049 
0.0144390921 0.9855608764 0.0000000001 0.0000000309 0.0000000000 0.0000000004 
0.9130349730 0.0863343508 0.0000191591 0.0006033211 0.0000013812 0.0000068147 
0.9999999016 0.0000000003 0.0000000000 0.0000000016 0.0000000000 0.0000000965 
0.9743201743 0.0114748132 0.0000000970 0.0000018942 0.0000086189 0.0141944024 
0.9999997426 0.0000002417 0.0000000000 0.0000000005 0.0000000000 0.0000000152 
0.2604719613 0.5335491261 0.0000005296 0.0806810228 0.0362026309 0.0890947292 
0.9398861079 0.0000257343 0.0000707186 0.0139825623 0.0015089824 0.0445258945 
0.5394989790 0.0000000000 0.0000000000 0.0000000000 0.0000000000 0.4605010210 
0.8915051628 0.0000077867 0.0000230862 0.0000609532 0.0018569334 0.1065460777 
0.5869833481 0.0246282118 0.0005552253 0.0159694716 0.1327629785 0.2391007647 
0.9862111227 0.0000242955 0.0000000001 0.0000778050 0.0050709629 0.0086158137 
0.9208190647 0.0000248522 0.0000000000 0.0000120084 0.0000000561 0.0791440185 
0.0000025758 0.4476637693 0.0000001423 0.5124716377 0.0206209389 0.0192409360 
0.9999997458 0.0000000000 0.0000000000 0.0000000001 0.0000000000 0.0000002541 
0.9999841740 0.0000155933 0.0000000000 0.0000001691 0.0000000068 0.0000000568 
0.9999692972 0.0000001441 0.0000000000 0.0000002564 0.0000000000 0.0000303022 
0.9048276068 0.0951721522 0.0000000025 0.0000000269 0.0000001211 0.0000000905 
0.9997655570 0.0000015372 0.0000023876 0.0000154120 0.0002151015 0.0000000047 
0.0004056784 0.9988215465 0.0000684741 0.0000993736 0.0005948761 0.0000100512 
0.9999293711 0.0000000073 0.0000000000 0.0000021506 0.0000000001 0.0000684708 
0.7199750462 0.2666234724 0.0000005649 0.0020500758 0.0049140085 0.0064368321 
0.2568099886 0.0025151749 0.0000000004 0.0105563880 0.0015001575 0.7286182906 
0.9204689653 0.0000000000 0.0000000000 0.0000000058 0.0000000003 0.0795310285 
0.0034533328 0.7469324628 0.1992971336 0.0163644788 0.0004504799 0.0335021121 
0.0065553479 0.2643408553 0.0086959624 0.4918465555 0.0573032488 0.1712580301 
0.9998150047 0.0001778324 0.0000000019 0.0000002021 0.0000038798 0.0000030790 
0.7867592744 0.0000311450 0.0000000634 0.0000164517 0.0016539531 0.2115391124 
0.5577086405 0.3234956471 0.0000404859 0.0024028939 0.1016287320 0.0147236005 
0.9999515873 0.0000473513 0.0000000005 0.0000001129 0.0000000000 0.0000009480 
0.9999999913 0.0000000000 0.0000000000 0.0000000000 0.0000000000 0.0000000087 
0.0050038376 0.0199006929 0.0000232875 0.9703598163 0.0047123643 0.0000000015 
0.4769806855 0.5214215210 0.0000000312 0.0005403290 0.0010326559 0.0000247774 
0.9999969500 0.0000004909 0.0000000000 0.0000004633 0.0000000095 0.0000020864 
0.0987980408 0.9012013230 0.0000000150 0.0000006128 0.0000000046 0.0000000038 
0.8872931107 0.1123273375 0.0000000045 0.0000008850 0.0000001052 0.0003785572 
0.0009224141 0.1664190449 0.0204080245 0.2861500807 0.1507918795 0.3753085562 
0.2977371451 0.3138857761 0.0000000047 0.0028146895 0.0000128384 0.3855495463 
0.6700106183 0.0086803576 0.0000002669 0.2554152757 0.0003810956 0.0655123859 
0.9059761090 0.0927519468 0.0000059560 0.0002061918 0.0000499245 0.0010098718 
0.1949719081 0.0005755057 0.0001053115 0.0107685203 0.0024998596 0.7910788949 
0.0770571871 0.7966800869 0.0000218666 0.1096185359 0.0001885533 0.0164337702 
0.9995226459 0.0000000000 0.0000000000 0.0000000000 0.0000000000 0.0004773540 
0.9998345658 0.0001651467 0.0000000000 0.0000001953 0.0000000892 0.0000000030 
0.9353867841 0.0072729212 0.0000071591 0.0026650033 0.0031272487 0.0515408835 
0.6358707556 0.0000000000 0.0000000000 0.0000001976 0.0000000073 0.3641290395 
0.0050329403 0.9796076211 0.0000000038 0.0059599076 0.0042624678 0.0051370594 
0.9999061903 0.0000000124 0.0000000004 0.0000599573 0.0000000014 0.0000338382 
