0.0033621408 0.8048254689 0.0044269476 0.1108437394 0.0754651378 0.0010765654 
0.9999933216 0.0000021341 0.0000009561 0.0000035465 0.0000000411 0.0000000006 
0.6092495924 0.2493118260 0.1414385816 0.0000000001 0.0000000000 0.0000000000 
0.0000000082 0.9833016368 0.0000045458 0.0042688885 0.0124244608 0.0000004599 
0.9999995492 0.0000004507 0.0000000000 0.0000000000 0.0000000000 0.0000000000 
0.9938366802 0.0000101296 0.0056826984 0.0003823758 0.0000026041 0.0000855120 
0.0002023093 0.1735620301 0.1291865620 0.6123055853 0.0002020989 0.0845414144 
1.0000000000 0.0000000000 0.0000000000 0.0000000000 0.0000000000 0.0000000000 
0.0000000235 0.0460446126 0.0088950900 0.0657907374 0.0001893503 0.8790801862 
0.0000079064 0.9988210779 0.0000000059 0.0000085640 0.0011624455 0.0000000003 
0.0000000617 0.9998401305 0.0000001909 0.0001594749 0.0000001407 0.0000000011 
0.0000000003 0.0258673295 0.0000364861 0.0031870490 0.9708799249 0.0000292103 
0.0006975797 0.9522042925 0.0027904968 0.0112424412 0.0319497232 0.0011154666 
1.0000000000 0.0000000000 0.0000000000 0.0000000000 0.0000000000 0.0000000000 
0.0000013875 0.6280619862 0.0449441032 0.0656859693 0.0012945670 0.2600119868 
1.0000000000 0.0000000000 0.0000000000 0.0000000000 0.0000000000 0.0000000000 
1.0000000000 0.0000000000 0.0000000000 0.0000000000 0.0000000000 0.0000000000 
0.0000274760 0.0088788971 0.9418509884 0.0476753707 0.0008434914 0.0007237765 
0.0000010086 0.0059109631 0.9769681680 0.0171043969 0.0000019984 0.0000134649 
0.0000000425 0.0000112647 0.9999151665 0.0000716563 0.0000016960 0.0000001741 
0.0000760638 0.0073528641 0.9912461322 0.0013231668 0.0000006943 0.0000010788 
0.0000000533 0.0011739660 0.0001162354 0.9986767759 0.0000060551 0.0000269143 
0.0000013756 0.0237866071 0.0000014980 0.0021258415 0.9740843000 0.0000003779 
0.9998737110 0.0001173897 0.0000049258 0.0000039360 0.0000000179 0.0000000195 
0.9994822126 0.0005177099 0.0000000775 0.0000000000 0.0000000000 0.0000000000 
0.9233750701 0.0678557494 0.0000072569 0.0075941006 0.0011676917 0.0000001313 
0.0000084010 0.9916460497 0.0083266536 0.0000188489 0.0000000179 0.0000000290 
0.9999998971 0.0000001028 0.0000000000 0.0000000000 0.0000000000 0.0000000000 
0.0000166262 0.9961432523 0.0000960713 0.0037406427 0.0000000000 0.0000034075 
0.0000000018 0.4317348257 0.5682651700 0.0000000023 0.0000000002 0.0000000000 
0.9999994536 0.0000005312 0.0000000115 0.0000000026 0.0000000011 0.0000000000 
0.9982081455 0.0017918047 0.0000000186 0.0000000313 0.0000000000 0.0000000000 
1.0000000000 0.0000000000 0.0000000000 0.0000000000 0.0000000000 0.0000000000 
0.0000081857 0.0016614594 0.0000050440 0.0020241125 0.9963011034 0.0000000949 
0.1494706891 0.6969180866 0.0095238830 0.1104925761 0.0212858435 0.0123089217 
0.9996713179 0.0003286457 0.0000000084 0.0000000268 0.0000000012 0.0000000000 
0.0090153660 0.1016352956 0.7682796242 0.0639830038 0.0570784340 0.0000082765 
0.0426747328 0.9203438772 0.0369422281 0.0000333137 0.0000049408 0.0000009075 
0.0000000027 0.8338774977 0.0000396740 0.1660271748 0.0000016215 0.0000540293 
0.9999999986 0.0000000014 0.0000000000 0.0000000000 0.0000000000 0.0000000000 
0.0000245607 0.0012520753 0.9986987882 0.0000245758 0.0000000000 0.0000000000 
0.9999999986 0.0000000011 0.0000000000 0.0000000003 0.0000000000 0.0000000000 
0.8729121079 0.1266445106 0.0004206919 0.0000225876 0.0000000803 0.0000000217 
0.0001493097 0.9997416350 0.0001020006 0.0000063497 0.0000006273 0.0000000778 
0.8207385001 0.1537828540 0.0000109594 0.0003592192 0.0251084652 0.0000000021 
0.0003610459 0.0125078558 0.9871252451 0.0000013959 0.0000044566 0.0000000007 
0.4227479243 0.1788583196 0.1626192421 0.2356904934 0.0000031472 0.0000808734 
0.1168761231 0.8131556486 0.0001035134 0.0698544782 0.0000085908 0.0000016459 
0.0006624376 0.9993375413 0.0000000004 0.0000000178 0.0000000029 0.0000000000 
0.0006234349 0.9993726365 0.0000000302 0.0000038881 0.0000000102 0.0000000000 
0.0398958799 0.9582940110 0.0013811963 0.0001264267 0.0003010331 0.0000014530 
1.0000000000 0.0000000000 0.0000000000 0.0000000000 0.0000000000 0.0000000000 
0.0000001443 0.9998296218 0.0001697894 0.0000004396 0.0000000050 0.0000000000 
0.0000001755 0.1289019103 0.0000241296 0.8669798615 0.0000085706 0.0040853525 
0.0000002469 0.0000044196 0.0198603484 0.9801347930 0.0000000142 0.0000001777 
0.0027093365 0.0404882722 0.0142609097 0.5731339267 0.3649548032 0.0044527517 
0.9999989766 0.0000001839 0.0000000381 0.0000008010 0.0000000000 0.0000000004 
0.9999889077 0.0000110914 0.0000000008 0.0000000000 0.0000000000 0.0000000000 
0.0000816425 0.0575350913 0.0000894539 0.0219054613 0.9203263394 0.0000620116 
0.0000000152 0.9999240424 0.0000000011 0.0000060188 0.0000699222 0.0000000003 
0.0000014712 0.9978700925 0.0006164686 0.0015111651 0.0000008021 0.0000000006 
0.0000000115 0.9923401667 0.0076598101 0.0000000117 0.0000000000 0.0000000000 
0.0000000001 0.0000001219 0.9999973068 0.0000023410 0.0000000000 0.0000002303 
0.0025326388 0.9673310340 0.0004660779 0.0018825599 0.0277790217 0.0000086678 
0.9999678634 0.0000321350 0.0000000003 0.0000000013 0.0000000000 0.0000000000 
0.9999999995 0.0000000005 0.0000000000 0.0000000000 0.0000000000 0.0000000000 
0.0000000246 0.9998941962 0.0000026540 0.0001031069 0.0000000140 0.0000000044 
0.2175054275 0.7716231214 0.0086587197 0.0021962576 0.0000022984 0.0000141755 
0.0000000803 0.9992581666 0.0000012099 0.0000028410 0.0007377021 0.0000000001 
0.0000038691 0.0914365573 0.9052313805 0.0005383730 0.0000096332 0.0027801870 
0.0000342445 0.9998799660 0.0000143972 0.0000713782 0.0000000140 0.0000000001 
1.0000000000 0.0000000000 0.0000000000 0.0000000000 0.0000000000 0.0000000000 
0.9999999819 0.0000000177 0.0000000002 0.0000000003 0.0000000000 0.0000000000 
1.0000000000 0.0000000000 0.0000000000 0.0000000000 0.0000000000 0.0000000000 
0.0000000275 0.9989880659 0.0010077217 0.0000035680 0.0000000003 0.0000006166 
1.0000000000 0.0000000000 0.0000000000 0.0000000000 0.0000000000 0.0000000000 
0.0001081274 0.9947994712 0.0039153217 0.0011689104 0.0000003760 0.0000077933 
0.9999999984 0.0000000016 0.0000000000 0.0000000000 0.0000000000 0.0000000000 
0.9999999974 0.0000000026 0.0000000000 0.0000000000 0.0000000000 0.0000000000 
0.0000037915 0.7452217774 0.2544328490 0.0002092609 0.0000876622 0.0000446590 
0.0000000031 0.4560705279 0.0501977860 0.4365676267 0.0007338336 0.0564302226 
0.9821197973 0.0005054092 0.0000070437 0.0003667823 0.0170009506 0.0000000169 
0.9945446156 0.0049297494 0.0000056630 0.0001148285 0.0004030889 0.0000020546 
0.0000092134 0.5906049753 0.0077303088 0.4011776072 0.0004692357 0.0000086597 
0.9991977534 0.0001079808 0.0000129082 0.0006789631 0.0000001180 0.0000022766 
0.3248369303 0.1840840735 0.4910481587 0.0000267692 0.0000031181 0.0000009502 
0.0000001855 0.0002677513 0.9997287961 0.0000032499 0.0000000010 0.0000000163 
0.0000000595 0.3966314504 0.0000034263 0.0068176030 0.5964990329 0.0000484279 
0.9999979546 0.0000020421 0.0000000016 0.0000000016 0.0000000001 0.0000000000 
0.0010920354 0.9744135941 0.0034741450 0.0004302517 0.0000018895 0.0205880843 
1.0000000000 0.0000000000 0.0000000000 0.0000000000 0.0000000000 0.0000000000 
1.0000000000 0.0000000000 0.0000000000 0.0000000000 0.0000000000 0.0000000000 
0.0017332050 0.9891122510 0.0008193277 0.0045352796 0.0037984955 0.0000014414 
0.0007465166 0.9988324914 0.0004209257 0.0000000461 0.0000000163 0.0000000038 
0.9702581375 0.0283590990 0.0007309225 0.0000027494 0.0006490893 0.0000000023 
0.0002836200 0.9996731197 0.0000274185 0.0000129767 0.0000028614 0.0000000037 
0.9999999971 0.0000000014 0.0000000000 0.0000000015 0.0000000000 0.0000000000 
0.0686332128 0.9180361051 0.0012067516 0.0047356692 0.0071400520 0.0002482094 
0.0012796606 0.9387022255 0.0276072939 0.0013213792 0.0308977859 0.0001916548 
1.0000000000 0.0000000000 0.0000000000 0.0000000000 0.0000000000 0.0000000000 
1.0000000000 0.0000000000 0.0000000000 0.0000000000 0.0000000000 0.0000000000 
1.0000000000 0.0000000000 0.0000000000 0.0000000000 0.0000000000 0.0000000000 
0.0000178273 0.9989522535 0.0010025883 0.0000169798 0.0000081118 0.0000022393 
0.3367676370 0.6632311642 0.0000011966 0.0000000022 0.0000000000 0.0000000000 
0.4506846526 0.5365484341 0.0114530242 0.0004494521 0.0008644202 0.0000000168 
0.1333356616 0.0241993031 0.5746459015 0.2338328986 0.0231379934 0.0108482418 
1.0000000000 0.0000000000 0.0000000000 0.0000000000 0.0000000000 0.0000000000 
0.0002305454 0.9997668166 0.0000000001 0.0000009183 0.0000017196 0.0000000000 
0.0000000000 1.0000000000 0.0000000000 0.0000000000 0.0000000000 0.0000000000 
0.0633674304 0.9226000543 0.0128443707 0.0000790803 0.0011090561 0.0000000082 
0.7611982625 0.1644423185 0.0734744064 0.0000532773 0.0008306178 0.0000011175 
0.0000355327 0.0011043061 0.9886196699 0.0099261329 0.0000328824 0.0002814760 
0.0000079408 0.0003607847 0.0226203710 0.9769986355 0.0000110683 0.0000011996 
1.0000000000 0.0000000000 0.0000000000 0.0000000000 0.0000000000 0.0000000000 
0.0000017711 0.0017495023 0.0081407682 0.9851611659 0.0027125127 0.0022342798 
0.9999998660 0.0000001323 0.0000000017 0.0000000000 0.0000000000 0.0000000000 
0.0088125382 0.1114953722 0.8435974222 0.0254489717 0.0086082615 0.0020374341 
0.9999986278 0.0000000219 0.0000013001 0.0000000485 0.0000000003 0.0000000013 
0.0000018631 0.0000000062 0.9999978149 0.0000003138 0.0000000000 0.0000000020 
0.0000022200 0.9991947824 0.0000109086 0.0007770831 0.0000145796 0.0000004263 
0.9930975015 0.0011639582 0.0000002918 0.0057276584 0.0000105832 0.0000000069 
0.0004439679 0.5634544807 0.4088834319 0.0265161909 0.0002896543 0.0004122743 
0.0000613417 0.9998611353 0.0000463650 0.0000276012 0.0000029315 0.0000006254 
0.9999999998 0.0000000002 0.0000000000 0.0000000000 0.0000000000 0.0000000000 
1.0000000000 0.0000000000 0.0000000000 0.0000000000 0.0000000000 0.0000000000 
1.0000000000 0.0000000000 0.0000000000 0.0000000000 0.0000000000 0.0000000000 
0.9999999884 0.0000000110 0.0000000006 0.0000000000 0.0000000000 0.0000000000 
0.0000000017 0.0039519392 0.0000048344 0.8774407483 0.0855057299 0.0330967465 
0.0000003098 0.0005127151 0.9989785432 0.0005072811 0.0000011419 0.0000000089 
0.9975319294 0.0008592921 0.0005054026 0.0007487049 0.0001292583 0.0002254127 
0.0040040969 0.7043212990 0.0007570720 0.0013939910 0.2895167924 0.0000067487 
0.0000022984 0.6840300277 0.0700634778 0.2109834292 0.0201793367 0.0147414303 
0.0000163990 0.8664449077 0.1327956647 0.0006525716 0.0000003434 0.0000901136 
0.0019606006 0.8599816477 0.0162533049 0.0006192456 0.1211528277 0.0000323736 
0.0000231310 0.9994527076 0.0000151857 0.0000293784 0.0004795248 0.0000000725 
0.9999995053 0.0000000172 0.0000004775 0.0000000000 0.0000000000 0.0000000000 
0.0000678086 0.9559702407 0.0439541463 0.0000077845 0.0000000198 0.0000000001 
1.0000000000 0.0000000000 0.0000000000 0.0000000000 0.0000000000 0.0000000000 
0.4543649412 0.5456348667 0.0000001852 0.0000000070 0.0000000000 0.0000000000 
0.0000000008 0.9997482725 0.0001569352 0.0000903609 0.0000044296 0.0000000010 
0.9999982129 0.0000015373 0.0000000010 0.0000002214 0.0000000274 0.0000000001 
0.0951948229 0.0000075203 0.0000023216 0.9047948463 0.0000004717 0.0000000173 
0.0000000380 0.0061041906 0.0000049999 0.9938843137 0.0000064562 0.0000000016 
0.0012080814 0.3264730015 0.0082531183 0.0741062596 0.5896615191 0.0002980202 
0.0000004243 0.2049178956 0.7041112970 0.0909513804 0.0000018514 0.0000171513 
0.0000164393 0.1127334447 0.0016637594 0.8740462293 0.0047903443 0.0067497830 
0.9984348785 0.0014690582 0.0000048935 0.0000908782 0.0000002743 0.0000000173 
0.9950355684 0.0049643752 0.0000000030 0.0000000523 0.0000000012 0.0000000000 
0.0000001062 0.9950430871 0.0046701901 0.0000818884 0.0002045391 0.0000001892 
0.9999999980 0.0000000020 0.0000000000 0.0000000000 0.0000000000 0.0000000000 
0.0000045842 0.9968831927 0.0001140462 0.0016111211 0.0013864401 0.0000006157 
0.9999999635 0.0000000008 0.0000000000 0.0000000356 0.0000000001 0.0000000000 
0.9999995193 0.0000004801 0.0000000002 0.0000000003 0.0000000000 0.0000000000 
0.0000000000 0.0000021962 0.9999872509 0.0000105376 0.0000000001 0.0000000153 
0.9999999998 0.0000000002 0.0000000000 0.0000000000 0.0000000000 0.0000000000 
1.0000000000 0.0000000000 0.0000000000 0.0000000000 0.0000000000 0.0000000000 
0.9667962467 0.0169377694 0.0033747695 0.0085694543 0.0042516913 0.0000700689 
1.0000000000 0.0000000000 0.0000000000 0.0000000000 0.0000000000 0.0000000000 
0.9999996625 0.0000000083 0.0000001537 0.0000001548 0.0000000206 0.0000000001 
1.0000000000 0.0000000000 0.0000000000 0.0000000000 0.0000000000 0.0000000000 
0.0004103003 0.9993397791 0.0000086967 0.0002217214 0.0000017758 0.0000177266 
0.0113300544 0.0045392636 0.1164461515 0.8671788059 0.0000404346 0.0004652899 
0.0003064215 0.0043247801 0.0019911035 0.0642963649 0.9121477299 0.0169336002 
0.0000000593 0.0000120989 0.8678753697 0.0188583673 0.0000001017 0.1132540031 
0.9999999999 0.0000000001 0.0000000000 0.0000000000 0.0000000000 0.0000000000 
0.0228144120 0.9771837136 0.0000000000 0.0000002658 0.0000016086 0.0000000000 
0.0000685914 0.9593555366 0.0022588005 0.0331939790 0.0040437347 0.0010793578 
0.9956070637 0.0001959155 0.0041199481 0.0000704023 0.0000000043 0.0000066661 
0.9793271279 0.0152368309 0.0045705497 0.0007750599 0.0000620875 0.0000283441 
1.0000000000 0.0000000000 0.0000000000 0.0000000000 0.0000000000 0.0000000000 
0.9999465656 0.0000086877 0.0000000008 0.0000447393 0.0000000064 0.0000000000 
0.9999999998 0.0000000000 0.0000000000 0.0000000000 0.0000000002 0.0000000000 
0.0000003718 0.9999994852 0.0000001290 0.0000000070 0.0000000070 0.0000000000 
0.0104444159 0.9895526234 0.0000029321 0.0000000014 0.0000000271 0.0000000000 
0.8868748219 0.1131127101 0.0000003747 0.0000117364 0.0000002958 0.0000000611 
0.9999995356 0.0000004581 0.0000000025 0.0000000038 0.0000000000 0.0000000000 
0.0001087740 0.9992728262 0.0001260602 0.0000007482 0.0004915906 0.0000000008 
0.0352269714 0.9383262312 0.0000986563 0.0070426166 0.0191968644 0.0001086600 
0.0000000311 0.0002076922 0.9997917618 0.0000004569 0.0000000577 0.0000000004 
0.0018732664 0.9964917434 0.0004662803 0.0001881415 0.0009718046 0.0000087638 
0.0000973270 0.9998980699 0.0000042992 0.0000000235 0.0000002804 0.0000000001 
0.0005583872 0.9958140869 0.0020747990 0.0006635852 0.0008415844 0.0000475573 
0.0004388371 0.6564543154 0.0084688259 0.0798641958 0.1831161503 0.0716576756 
0.0000002097 0.3099992607 0.3952810164 0.2784196990 0.0090439728 0.0072558415 
0.9999998785 0.0000001215 0.0000000000 0.0000000000 0.0000000000 0.0000000000 
0.6230890594 0.0345594186 0.0007464291 0.3305957902 0.0026944966 0.0083148060 
0.9999997815 0.0000001557 0.0000000119 0.0000000466 0.0000000037 0.0000000006 
0.9999994522 0.0000000648 0.0000000001 0.0000004823 0.0000000006 0.0000000000 
0.1474401901 0.8501015715 0.0024402931 0.0000164258 0.0000015084 0.0000000112 
0.0000090734 0.0273924012 0.0034376598 0.0767389007 0.0000005319 0.8924214331 
1.0000000000 0.0000000000 0.0000000000 0.0000000000 0.0000000000 0.0000000000 
0.0007884447 0.9921038017 0.0064660671 0.0003578935 0.0002775824 0.0000062105 
0.9999580100 0.0000004294 0.0000039849 0.0000375718 0.0000000012 0.0000000027 
0.0003533419 0.0005828996 0.7939550675 0.0705936878 0.0005007121 0.1340142911 
0.9999891483 0.0000085129 0.0000003285 0.0000011135 0.0000008968 0.0000000000 
0.9568551191 0.0009554562 0.0028160685 0.0391937182 0.0000034221 0.0001762159 
0.0068100092 0.9736766066 0.0194113073 0.0001019868 0.0000000875 0.0000000026 
0.2449885648 0.0017911694 0.0021899182 0.7408899130 0.0089619587 0.0011784759 
0.9999923820 0.0000076154 0.0000000021 0.0000000003 0.0000000003 0.0000000000 
0.0000779983 0.8965666014 0.0021319942 0.1002202852 0.0009881574 0.0000149635 
0.5640624271 0.0001360436 0.4241845753 0.0114828574 0.0000359371 0.0000981595 
0.0000876870 0.9989305302 0.0009642656 0.0000056976 0.0000118133 0.0000000063 
0.0137392374 0.0593734070 0.0027703001 0.9241137416 0.0000016033 0.0000017105 
0.0000022906 0.9970046613 0.0029190141 0.0000727896 0.0000012078 0.0000000365 
0.9440390089 0.0237877519 0.0130316091 0.0190265651 0.0000929682 0.0000220968 
0.0000109422 0.9999832787 0.0000011208 0.0000043831 0.0000002340 0.0000000412 
0.0000005985 0.5525995595 0.0000192886 0.0000987314 0.4472442772 0.0000375448 
0.0000153367 0.9992342714 0.0006129438 0.0001117989 0.0000255945 0.0000000547 
0.0075538618 0.8619203194 0.0221523206 0.1079377683 0.0000767984 0.0003589314 
0.0000023812 0.9940777829 0.0054545403 0.0004612196 0.0000001251 0.0000039509 
0.5925648585 0.3369837155 0.0208198474 0.0012964819 0.0483293644 0.0000057322 
0.9999938014 0.0000061631 0.0000000019 0.0000000243 0.0000000092 0.0000000000 
0.0076445385 0.9882367557 0.0015022735 0.0024060973 0.0001988922 0.0000114429 
1.0000000000 0.0000000000 0.0000000000 0.0000000000 0.0000000000 0.0000000000 
0.7711635060 0.0005659209 0.0609079324 0.1450911817 0.0222659015 0.0000055575 
0.0000077064 0.9999395922 0.0000408059 0.0000053061 0.0000065557 0.0000000337 
0.0007177100 0.9972419060 0.0020401128 0.0000002590 0.0000000114 0.0000000008 
0.0000005588 0.9999913564 0.0000079425 0.0000001423 0.0000000001 0.0000000000 
0.4815652990 0.5153398847 0.0029915506 0.0001032600 0.0000000056 0.0000000001 
0.9999898785 0.0000101214 0.0000000000 0.0000000000 0.0000000000 0.0000000000 
0.8347756802 0.0361672853 0.1289492219 0.0001078108 0.0000000003 0.0000000015 
0.0000889343 0.9982760414 0.0000073222 0.0001977276 0.0014275857 0.0000023889 
0.0000008715 0.9990496252 0.0007360665 0.0002126876 0.0000007469 0.0000000025 
0.0832952276 0.1434831828 0.6046378020 0.1650374488 0.0034747322 0.0000716067 
0.0008791032 0.7751623817 0.2239576067 0.0000004296 0.0000004610 0.0000000179 
1.0000000000 0.0000000000 0.0000000000 0.0000000000 0.0000000000 0.0000000000 
0.0001170201 0.7983708432 0.0000132203 0.2014943430 0.0000001641 0.0000044093 
1.0000000000 0.0000000000 0.0000000000 0.0000000000 0.0000000000 0.0000000000 
0.0000307483 0.9882310890 0.0022588707 0.0092552069 0.0000798955 0.0001441895 
0.0609034762 0.9367249293 0.0000582138 0.0012974806 0.0010158416 0.0000000585 
1.0000000000 0.0000000000 0.0000000000 0.0000000000 0.0000000000 0.0000000000 
0.9986263950 0.0000012371 0.0000067352 0.0013651620 0.0000003639 0.0000001067 
0.9999780980 0.0000033480 0.0000181200 0.0000003397 0.0000000014 0.0000000929 
0.0000000001 0.0000488864 0.9993914945 0.0004454294 0.0000000054 0.0001141842 
0.3383094041 0.1365072872 0.5251823037 0.0000002950 0.0000007099 0.0000000000 
0.0044214606 0.8498765480 0.0048586038 0.1266494720 0.0119272055 0.0022667101 
0.7598873291 0.2008305328 0.0357716539 0.0005287878 0.0029812398 0.0000004566 
0.0000000111 0.9999725209 0.0000000004 0.0000003008 0.0000271668 0.0000000000 
1.0000000000 0.0000000000 0.0000000000 0.0000000000 0.0000000000 0.0000000000 
0.8916586909 0.0219934311 0.0863452373 0.0000007080 0.0000015439 0.0000003888 
0.8447682431 0.1248886368 0.0000916502 0.0301985478 0.0000142261 0.0000386961 
0.0193517478 0.9803169648 0.0000485260 0.0001246057 0.0001581510 0.0000000045 
0.0028843996 0.9964025162 0.0004840339 0.0001215486 0.0000921406 0.0000153611 
0.0000054706 0.9634611556 0.0244037166 0.0121296376 0.0000000194 0.0000000003 
0.0000269402 0.9998843985 0.0000715138 0.0000171251 0.0000000213 0.0000000010 
0.0009023803 0.9989833247 0.0001142679 0.0000000270 0.0000000000 0.0000000000 
0.9999998044 0.0000001954 0.0000000000 0.0000000000 0.0000000002 0.0000000000 
0.0000000009 0.0001407134 0.0000014091 0.9998578760 0.0000000004 0.0000000001 
0.0000000025 0.9985681295 0.0000000000 0.0007455045 0.0006863589 0.0000000046 
0.9995351120 0.0004181560 0.0000437840 0.0000016774 0.0000012692 0.0000000014 
0.9999999999 0.0000000000 0.0000000001 0.0000000000 0.0000000000 0.0000000000 
0.0033330672 0.3280926034 0.6685740866 0.0000001360 0.0000001046 0.0000000021 
0.0003013851 0.0161738849 0.9805210296 0.0029929187 0.0000003936 0.0000103881 
0.9998803410 0.0000346838 0.0000845977 0.0000003121 0.0000000653 0.0000000000 
0.9999999995 0.0000000005 0.0000000000 0.0000000000 0.0000000000 0.0000000000 
1.0000000000 0.0000000000 0.0000000000 0.0000000000 0.0000000000 0.0000000000 
0.0000016266 0.9956550865 0.0006636854 0.0006964893 0.0029632758 0.0000198365 
0.0177207642 0.0001866290 0.0004089097 0.8904252759 0.0484108567 0.0428475645 
0.3761232879 0.5874248471 0.0364513636 0.0000002426 0.0000002589 0.0000000000 
0.0000043465 0.8860417127 0.0007378572 0.0670313161 0.0441926596 0.0019921079 
0.9786407979 0.0204396645 0.0000439074 0.0000254339 0.0008501862 0.0000000100 
0.0470466124 0.0891407376 0.0000212634 0.8624610100 0.0005846886 0.0007456880 
0.9675304581 0.0324695404 0.0000000013 0.0000000002 0.0000000000 0.0000000000 
0.0000000017 0.0001724850 0.0000019427 0.4130898629 0.5867307147 0.0000049930 
0.0000006908 0.0242601238 0.9742628404 0.0014556883 0.0000198723 0.0000007845 
0.2290513518 0.7678952806 0.0015874729 0.0013582467 0.0000903406 0.0000173074 
0.0005997430 0.9878794370 0.0018544911 0.0064156905 0.0032460566 0.0000045819 
0.0000003580 0.9999954954 0.0000000967 0.0000040371 0.0000000126 0.0000000002 
0.0000000001 0.0000746585 0.9998275448 0.0000974219 0.0000003592 0.0000000154 
0.9743110021 0.0225754856 0.0024813790 0.0005351979 0.0000285781 0.0000683574 
0.0000000081 0.9444507578 0.0034514463 0.0000261107 0.0520716608 0.0000000164 
0.9999999713 0.0000000016 0.0000000012 0.0000000249 0.0000000010 0.0000000000 
1.0000000000 0.0000000000 0.0000000000 0.0000000000 0.0000000000 0.0000000000 
0.0425957168 0.6306138717 0.0598694852 0.2635316419 0.0031742038 0.0002150806 
0.4639992398 0.4409153584 0.0058923336 0.0888731987 0.0003125820 0.0000072874 
0.9999994630 0.0000000020 0.0000000001 0.0000005348 0.0000000001 0.0000000000 
0.9999737110 0.0000261371 0.0000000937 0.0000000485 0.0000000096 0.0000000000 
1.0000000000 0.0000000000 0.0000000000 0.0000000000 0.0000000000 0.0000000000 
1.0000000000 0.0000000000 0.0000000000 0.0000000000 0.0000000000 0.0000000000 
0.0197492996 0.8650734406 0.0079431925 0.0216937318 0.0839002269 0.0016401086 
0.0074826171 0.9595079115 0.0320250839 0.0007966015 0.0000006363 0.0001871498 
0.6676439479 0.3323364736 0.0000195527 0.0000000246 0.0000000012 0.0000000000 
0.0000000145 0.0000105062 0.0000000342 0.9999894326 0.0000000123 0.0000000003 
0.0000407631 0.9996645766 0.0000013658 0.0002896868 0.0000025966 0.0000010110 
0.0000004618 0.1055487408 0.0000735059 0.2865118248 0.6049978187 0.0028676479 
1.0000000000 0.0000000000 0.0000000000 0.0000000000 0.0000000000 0.0000000000 
0.4779109062 0.0119276927 0.0008062166 0.0004172828 0.5088559586 0.0000819432 
0.9530741491 0.0468899358 0.0000087742 0.0000266160 0.0000005037 0.0000000211 
0.7401593564 0.2591398121 0.0000002278 0.0000025621 0.0006979823 0.0000000594 
0.0001863267 0.9983830191 0.0002032837 0.0003784448 0.0008488850 0.0000000407 
0.0000000000 0.9983102084 0.0000000826 0.0006364983 0.0010532093 0.0000000014 
0.1566752087 0.8433188700 0.0000042977 0.0000015828 0.0000000349 0.0000000058 
0.0026835436 0.9951865123 0.0021278138 0.0000019126 0.0000000373 0.0000001804 
0.0000003162 0.9642733372 0.0000135794 0.0000165343 0.0356962290 0.0000000040 
0.0040826494 0.0434806435 0.9524358799 0.0000004766 0.0000000660 0.0000002845 
0.0735590398 0.9264211450 0.0000028753 0.0000162118 0.0000007004 0.0000000277 
0.0009962812 0.9836304682 0.0011313644 0.0142418209 0.0000000617 0.0000000036 
0.0000117583 0.0000765756 0.9441521518 0.0557502830 0.0000035537 0.0000056777 
0.0001466777 0.9991566455 0.0006119466 0.0000329468 0.0000513975 0.0000003860 
0.0338058473 0.3656237157 0.6005704370 0.0000000000 0.0000000000 0.0000000000 
0.9999681852 0.0000307624 0.0000008750 0.0000001745 0.0000000027 0.0000000001 
0.9999999920 0.0000000000 0.0000000000 0.0000000001 0.0000000079 0.0000000000 
0.0000000407 0.9999977512 0.0000002673 0.0000019405 0.0000000002 0.0000000000 
0.0323405168 0.9373988599 0.0029861748 0.0268071493 0.0004644131 0.0000028862 
0.0137151285 0.4348390185 0.0281861541 0.4412070754 0.0819228809 0.0001297427 
0.9548321418 0.0442003131 0.0000400824 0.0006284717 0.0002850832 0.0000139078 
0.1868042663 0.8131014934 0.0000658116 0.0000170655 0.0000098864 0.0000014767 
0.0022273665 0.0362640942 0.7758232155 0.1500083727 0.0075016083 0.0281753428 
0.0017561667 0.9970797069 0.0011255161 0.0000025678 0.0000359084 0.0000001342 
0.0080965475 0.5797803172 0.0630466462 0.0118619853 0.3347367818 0.0024777221 
0.0046469968 0.9953517646 0.0000011789 0.0000000592 0.0000000005 0.0000000000 
0.9999998611 0.0000001385 0.0000000003 0.0000000000 0.0000000001 0.0000000000 
0.0007162644 0.0044479253 0.9948352607 0.0000005485 0.0000000011 0.0000000001 
0.9999999991 0.0000000000 0.0000000000 0.0000000000 0.0000000000 0.0000000009 
0.9999999941 0.0000000041 0.0000000016 0.0000000002 0.0000000000 0.0000000000 
0.0638163282 0.0030650294 0.0056055923 0.9259109796 0.0016020185 0.0000000519 
0.9999998448 0.0000001552 0.0000000000 0.0000000000 0.0000000000 0.0000000000 
0.9999937477 0.0000062431 0.0000000001 0.0000000000 0.0000000091 0.0000000000 
0.0000000000 0.0001047104 0.9998934764 0.0000009685 0.0000008442 0.0000000004 
0.0000002723 0.0003523773 0.0090663683 0.0000282070 0.9905440924 0.0000086827 
0.9999268374 0.0000000035 0.0000069886 0.0000297255 0.0000000004 0.0000364447 
0.0053706013 0.0144435651 0.0302175009 0.0051042151 0.0000619314 0.9448021862 
0.9999915763 0.0000084213 0.0000000001 0.0000000023 0.0000000000 0.0000000000 
0.9557734444 0.0442264342 0.0000000506 0.0000000708 0.0000000000 0.0000000000 
0.0019293934 0.9952306771 0.0025951315 0.0000029464 0.0002418301 0.0000000215 
0.0000490608 0.7786942388 0.2212527150 0.0000039488 0.0000000359 0.0000000007 
0.0001563563 0.9894633434 0.0103790918 0.0000011802 0.0000000114 0.0000000169 
0.0067601507 0.0004282829 0.0000935458 0.9924891161 0.0002259476 0.0000029569 
1.0000000000 0.0000000000 0.0000000000 0.0000000000 0.0000000000 0.0000000000 
0.9494960190 0.0462980344 0.0021650550 0.0004271124 0.0016110068 0.0000027726 
0.9999340646 0.0000544217 0.0000000043 0.0000012143 0.0000102951 0.0000000001 
0.9999987555 0.0000012218 0.0000000037 0.0000000004 0.0000000186 0.0000000000 
0.0000002587 0.9998877646 0.0000843642 0.0000275952 0.0000000148 0.0000000025 
0.9999950344 0.0000049563 0.0000000080 0.0000000004 0.0000000010 0.0000000000 
0.0013884432 0.9895093515 0.0079704894 0.0000112307 0.0011204824 0.0000000028 
0.0009269109 0.2711850230 0.6965994776 0.0296546819 0.0000000019 0.0016339046 
0.0572361754 0.8680351556 0.0561419709 0.0108367829 0.0010539785 0.0066959366 
0.9999855330 0.0000144670 0.0000000000 0.0000000000 0.0000000000 0.0000000000 
0.0000561686 0.9998671061 0.0000160255 0.0000287392 0.0000318612 0.0000000994 
0.0000283457 0.0549508422 0.9450208121 0.0000000000 0.0000000000 0.0000000000 
0.1427009839 0.0056447155 0.8516530780 0.0000002421 0.0000003378 0.0000006427 
0.9850709087 0.0000275825 0.0103057628 0.0027961438 0.0000000005 0.0017996017 
0.0229605266 0.9769061983 0.0001330047 0.0000001981 0.0000000000 0.0000000722 
1.0000000000 0.0000000000 0.0000000000 0.0000000000 0.0000000000 0.0000000000 
0.9999933260 0.0000053571 0.0000000012 0.0000013106 0.0000000049 0.0000000002 
0.0005208120 0.0104809455 0.0078290704 0.8053894436 0.0340734818 0.1417062467 
0.3868846982 0.4791393658 0.0856438288 0.0394188319 0.0089028922 0.0000103831 
0.0002187399 0.0000001009 0.9612066593 0.0379084112 0.0000000001 0.0006660886 
0.9773735692 0.0150201104 0.0076063186 0.0000000018 0.0000000000 0.0000000000 
0.0000228053 0.9999769502 0.0000000731 0.0000001711 0.0000000000 0.0000000002 
0.0000000000 0.0000000004 0.0000000000 0.0000000957 0.9999999038 0.0000000000 
0.0000000000 0.0000000230 0.0000000405 0.9999999255 0.0000000013 0.0000000096 
0.9999999455 0.0000000404 0.0000000000 0.0000000109 0.0000000031 0.0000000000 
0.0000257778 0.9939045659 0.0000009041 0.0060682137 0.0000003734 0.0000001651 
0.0000000115 0.0000020229 0.0001691665 0.9995636773 0.0000002315 0.0002648903 
0.0000003762 0.9999990128 0.0000005948 0.0000000156 0.0000000000 0.0000000005 
0.5933119469 0.4066880531 0.0000000000 0.0000000000 0.0000000000 0.0000000000 
0.9952923165 0.0006504137 0.0040512702 0.0000059699 0.0000000007 0.0000000289 
0.9490933212 0.0449829341 0.0002755051 0.0002790207 0.0053688216 0.0000003973 
0.0016557902 0.1322842859 0.8635019825 0.0002953337 0.0000576776 0.0022049299 
0.0000012118 0.6187061516 0.0000000449 0.0003850561 0.3809074927 0.0000000429 
1.0000000000 0.0000000000 0.0000000000 0.0000000000 0.0000000000 0.0000000000 
1.0000000000 0.0000000000 0.0000000000 0.0000000000 0.0000000000 0.0000000000 
0.5679733611 0.2550449675 0.0296965018 0.0002738141 0.1468879906 0.0001233649 
1.0000000000 0.0000000000 0.0000000000 0.0000000000 0.0000000000 0.0000000000 
0.9999721989 0.0000262225 0.0000000018 0.0000001247 0.0000000001 0.0000014520 
0.9453972344 0.0000423751 0.0000142448 0.0545002408 0.0000131168 0.0000327880 
0.0000606489 0.9858062514 0.0000108105 0.0131912978 0.0004113419 0.0005196495 
0.9999798296 0.0000196284 0.0000000004 0.0000005234 0.0000000182 0.0000000001 
0.0000004292 0.1406467159 0.0000000000 0.0000061807 0.8593466742 0.0000000000 
1.0000000000 0.0000000000 0.0000000000 0.0000000000 0.0000000000 0.0000000000 
0.0000000351 0.9865340200 0.0000081477 0.0115584904 0.0018044039 0.0000949029 
0.0000012286 0.7722353639 0.2198295186 0.0011833368 0.0067453549 0.0000051973 
0.0111635847 0.9616641591 0.0083041253 0.0155307999 0.0033293565 0.0000079745 
0.0000000000 0.9999999959 0.0000000001 0.0000000005 0.0000000036 0.0000000000 
0.0002103050 0.9977889052 0.0019397720 0.0000603625 0.0000004584 0.0000001969 
0.9997431000 0.0000117868 0.0000017549 0.0002427888 0.0000005670 0.0000000024 
0.9999747164 0.0000091084 0.0000161736 0.0000000001 0.0000000016 0.0000000000 
1.0000000000 0.0000000000 0.0000000000 0.0000000000 0.0000000000 0.0000000000 
0.0000233537 0.9635167439 0.0136265577 0.0034487812 0.0193838300 0.0000007336 
0.0058483140 0.2914156765 0.0005455987 0.0304237692 0.0011319334 0.6706347083 
0.9386117758 0.0003340413 0.0057487719 0.0390896892 0.0157307217 0.0004850001 
0.0250251247 0.8323554439 0.0001149971 0.1411371991 0.0013170412 0.0000501941 
0.9954220737 0.0029039159 0.0016028928 0.0000682384 0.0000022672 0.0000006119 
1.0000000000 0.0000000000 0.0000000000 0.0000000000 0.0000000000 0.0000000000 
1.0000000000 0.0000000000 0.0000000000 0.0000000000 0.0000000000 0.0000000000 
0.0000041634 0.0000100690 0.7697219562 0.2148103191 0.0000026903 0.0154508019 
0.0000003295 0.9997960269 0.0000223865 0.0001810902 0.0000000867 0.0000000801 
1.0000000000 0.0000000000 0.0000000000 0.0000000000 0.0000000000 0.0000000000 
0.1662899261 0.0000225956 0.8156919863 0.0146700716 0.0000011103 0.0033243100 
1.0000000000 0.0000000000 0.0000000000 0.0000000000 0.0000000000 0.0000000000 
0.0000002212 0.9997868890 0.0000346094 0.0001770073 0.0000007904 0.0000004826 
1.0000000000 0.0000000000 0.0000000000 0.0000000000 0.0000000000 0.0000000000 
0.0084283827 0.0006686191 0.9907741201 0.0001225731 0.0000008877 0.0000054172 
1.0000000000 0.0000000000 0.0000000000 0.0000000000 0.0000000000 0.0000000000 
0.0142679412 0.9857320330 0.0000000008 0.0000000249 0.0000000000 0.0000000001 
0.0000011172 0.9998784350 0.0001191102 0.0000013331 0.0000000044 0.0000000001 
0.0000399655 0.9977277172 0.0000973245 0.0014880335 0.0006459207 0.0000010387 
0.0000047108 0.0095601617 0.5707025853 0.4101904431 0.0079128664 0.0016292327 
0.9163447535 0.0000096838 0.0211698512 0.0624661504 0.0000023422 0.0000072189 
0.9999840186 0.0000000123 0.0000158664 0.0000000226 0.0000000566 0.0000000235 
0.0001825762 0.9994391075 0.0002777172 0.0000591042 0.0000394736 0.0000020213 
0.0020266153 0.0003547687 0.0013247516 0.2880410328 0.1572843131 0.5509685185 
0.0200499143 0.9797726018 0.0001434119 0.0000337551 0.0000002997 0.0000000172 
0.0000014944 0.3855653808 0.0000439697 0.0000215436 0.6143676103 0.0000000012 
0.9999768098 0.0000049251 0.0000015132 0.0000004054 0.0000163454 0.0000000010 
0.0012408433 0.0004083519 0.0053095826 0.0231222022 0.0000304289 0.9698885911 
1.0000000000 0.0000000000 0.0000000000 0.0000000000 0.0000000000 0.0000000000 
0.0625543158 0.9095940391 0.0133591423 0.0034103827 0.0103494271 0.0007326929 
1.0000000000 0.0000000000 0.0000000000 0.0000000000 0.0000000000 0.0000000000 
0.9999999695 0.0000000030 0.0000000272 0.0000000002 0.0000000001 0.0000000000 
0.9722185476 0.0277513191 0.0000297792 0.0000003532 0.0000000000 0.0000000009 
0.0000064724 0.8901016619 0.1032704155 0.0065936028 0.0000255931 0.0000022542 
0.0000011398 0.9574321120 0.0000055449 0.0423650311 0.0001960137 0.0000001585 
0.0055763913 0.0000000053 0.0000013568 0.9944221683 0.0000000023 0.0000000760 
0.0000000211 0.9999926075 0.0000073711 0.0000000003 0.0000000000 0.0000000000 
0.0512271425 0.8496330116 0.0991033328 0.0000346635 0.0000017187 0.0000001309 
0.0010614978 0.4007797122 0.0022004493 0.0172774677 0.5671749343 0.0115059387 
0.8575011375 0.1424821564 0.0000166675 0.0000000385 0.0000000000 0.0000000000 
0.9334679524 0.0563397928 0.0001752915 0.0006473053 0.0093656127 0.0000040453 
0.0003310620 0.9979072093 0.0015147127 0.0002299506 0.0000170621 0.0000000034 
0.0107108020 0.9892315697 0.0000562296 0.0000013062 0.0000000922 0.0000000003 
0.1137958446 0.6287486671 0.0013062704 0.0046421256 0.2515070661 0.0000000263 
0.9934644442 0.0026876580 0.0000885488 0.0035345023 0.0002232760 0.0000015707 
0.0000203631 0.9531544974 0.0464451856 0.0003797680 0.0000001289 0.0000000571 
0.9999999852 0.0000000148 0.0000000000 0.0000000000 0.0000000000 0.0000000000 
0.0000000160 0.8354668625 0.0009408316 0.0053906069 0.0000039996 0.1581976833 
0.0002805921 0.9992434410 0.0004578754 0.0000152476 0.0000028437 0.0000000001 
1.0000000000 0.0000000000 0.0000000000 0.0000000000 0.0000000000 0.0000000000 
0.0000006208 0.9999153275 0.0000767012 0.0000036147 0.0000037267 0.0000000092 
0.9999998111 0.0000001887 0.0000000000 0.0000000001 0.0000000001 0.0000000000 
0.9993828784 0.0006068877 0.0000102330 0.0000000008 0.0000000001 0.0000000000 
0.0007565802 0.3322029359 0.0038598453 0.3943979908 0.2685546672 0.0002279806 
0.0003158871 0.0250559770 0.9746273921 0.0000003495 0.0000003933 0.0000000009 
0.9925493783 0.0049451916 0.0003686193 0.0011595944 0.0008317225 0.0001454939 
0.0000006644 0.0028534766 0.9917540694 0.0050789219 0.0000008508 0.0003120168 
0.9999969848 0.0000000521 0.0000000000 0.0000000003 0.0000029628 0.0000000000 
0.9879096173 0.0120710410 0.0000193257 0.0000000104 0.0000000057 0.0000000000 
0.0000016195 0.0000003769 0.8917171451 0.1082258846 0.0000000359 0.0000549380 
0.9975575797 0.0017371640 0.0007004099 0.0000047634 0.0000000106 0.0000000724 
0.6982787460 0.2781871347 0.0000255852 0.0137193984 0.0097767884 0.0000123474 
0.1449813802 0.8548556149 0.0001629958 0.0000000084 0.0000000007 0.0000000000 
1.0000000000 0.0000000000 0.0000000000 0.0000000000 0.0000000000 0.0000000000 
0.0000048692 0.9999791257 0.0000009944 0.0000150093 0.0000000014 0.0000000001 
0.0000000002 0.9999874786 0.0000119137 0.0000004164 0.0000000021 0.0000001890 
0.0468064246 0.7048761802 0.0061740382 0.1905223628 0.0487560826 0.0028649116 
0.9999346729 0.0000002959 0.0000009644 0.0000640380 0.0000000089 0.0000000199 
0.0000001187 0.9999951115 0.0000045886 0.0000001796 0.0000000016 0.0000000000 
0.0002428665 0.1010636356 0.0000246781 0.8982455333 0.0004232583 0.0000000282 
0.0011953858 0.0963334390 0.9024707908 0.0000003845 0.0000000000 0.0000000000 
1.0000000000 0.0000000000 0.0000000000 0.0000000000 0.0000000000 0.0000000000 
0.0000000349 0.9999491154 0.0000021130 0.0000470080 0.0000017287 0.0000000001 
0.9364482989 0.0567474181 0.0000525099 0.0058938820 0.0001072572 0.0007506339 
0.0000638931 0.8626444676 0.1371640656 0.0001190365 0.0000049627 0.0000035745 
0.0000000595 0.3966314504 0.0000034263 0.0068176030 0.5964990329 0.0000484279 
0.0057198044 0.9942791660 0.0000000299 0.0000009991 0.0000000005 0.0000000001 
0.9856956416 0.0003107689 0.0001080193 0.0131939628 0.0001748984 0.0005167090 
0.0000019638 0.9999980275 0.0000000043 0.0000000044 0.0000000001 0.0000000000 
0.9985449301 0.0000143122 0.0001356500 0.0011118604 0.0001921947 0.0000010525 
0.0000000231 0.9999937999 0.0000031492 0.0000030274 0.0000000004 0.0000000000 
0.0317714296 0.9681172631 0.0000821087 0.0000274525 0.0000017399 0.0000000061 
0.9999999973 0.0000000026 0.0000000001 0.0000000000 0.0000000000 0.0000000000 
0.9891077732 0.0108479223 0.0000233851 0.0000195953 0.0000006830 0.0000006412 
0.9999992401 0.0000007589 0.0000000008 0.0000000002 0.0000000000 0.0000000000 
0.0120662295 0.7401946021 0.0153323816 0.0189882166 0.1281746872 0.0852438828 
0.0000000000 0.0000001064 0.9999939474 0.0000048656 0.0000000027 0.0000010778 
1.0000000000 0.0000000000 0.0000000000 0.0000000000 0.0000000000 0.0000000000 
0.0000008615 0.0000000278 0.9999909529 0.0000081465 0.0000000109 0.0000000004 
0.0044497701 0.2442413467 0.6009356240 0.0545524926 0.0304687254 0.0653520413 
0.6119730868 0.1499915175 0.0983777014 0.1188027969 0.0206909339 0.0001639635 
0.9999999954 0.0000000032 0.0000000006 0.0000000007 0.0000000000 0.0000000001 
0.0000000002 0.0161980878 0.0000016356 0.9836991406 0.0001010357 0.0000001000 
0.9999999987 0.0000000000 0.0000000012 0.0000000000 0.0000000000 0.0000000000 
0.9999995842 0.0000004157 0.0000000000 0.0000000000 0.0000000001 0.0000000000 
0.9999999989 0.0000000010 0.0000000000 0.0000000001 0.0000000000 0.0000000000 
0.7204778978 0.2795080169 0.0000003223 0.0000005975 0.0000131651 0.0000000004 
0.0000006848 0.9996895836 0.0003075934 0.0000000295 0.0000021088 0.0000000000 
0.0019424670 0.9980159900 0.0000000154 0.0000174208 0.0000241066 0.0000000001 
1.0000000000 0.0000000000 0.0000000000 0.0000000000 0.0000000000 0.0000000000 
0.0686332128 0.9180361051 0.0012067516 0.0047356692 0.0071400520 0.0002482094 
0.9965796931 0.0000136079 0.0000032690 0.0034033507 0.0000000221 0.0000000573 
1.0000000000 0.0000000000 0.0000000000 0.0000000000 0.0000000000 0.0000000000 
0.0009031485 0.9626401298 0.0244088947 0.0110846580 0.0009350076 0.0000281614 
0.0006472906 0.9754735915 0.0031973515 0.0165821579 0.0040842967 0.0000153119 
0.0420140065 0.0010890436 0.9568959090 0.0000009802 0.0000000308 0.0000000299 
0.9999981685 0.0000000066 0.0000017910 0.0000000336 0.0000000001 0.0000000001 
0.0002499626 0.8779135191 0.0012272116 0.0097579179 0.1086385842 0.0022128047 
0.3902617292 0.6097267296 0.0000115362 0.0000000042 0.0000000002 0.0000000006 
1.0000000000 0.0000000000 0.0000000000 0.0000000000 0.0000000000 0.0000000000 
0.0000000950 0.9996424406 0.0000003638 0.0000032083 0.0003538918 0.0000000006 
0.0070274749 0.9924677698 0.0002916355 0.0000460298 0.0001619752 0.0000051149 
0.9999951526 0.0000045415 0.0000000342 0.0000002601 0.0000000117 0.0000000001 
0.0000000534 0.9999999450 0.0000000015 0.0000000000 0.0000000000 0.0000000000 
0.0180089349 0.9786442725 0.0032694705 0.0000731635 0.0000001176 0.0000040411 
0.0000013375 0.9413026662 0.0275462577 0.0234385426 0.0001411607 0.0075700354 
0.0000174825 0.0000558215 0.0049929175 0.0002113494 0.0000006838 0.9947217453 
0.4016119872 0.2379079505 0.2083792729 0.1511715887 0.0000557360 0.0008734647 
0.0003546326 0.9950037822 0.0045388330 0.0000779989 0.0000247497 0.0000000036 
0.0000000000 0.0004815720 0.9840668615 0.0154512961 0.0000000770 0.0000001934 
0.0000057549 0.9995860075 0.0000002018 0.0000471647 0.0003599451 0.0000009260 
1.0000000000 0.0000000000 0.0000000000 0.0000000000 0.0000000000 0.0000000000 
0.9850179057 0.0149740160 0.0000076967 0.0000002393 0.0000001423 0.0000000000 
0.8981903916 0.0816194655 0.0012087422 0.0105426119 0.0075425216 0.0008962670 
1.0000000000 0.0000000000 0.0000000000 0.0000000000 0.0000000000 0.0000000000 
0.0003558222 0.9878524935 0.0000292309 0.0039171957 0.0078421726 0.0000030851 
0.9999999953 0.0000000044 0.0000000001 0.0000000002 0.0000000000 0.0000000000 
