0.9999552882 0.0000010548 0.0000000035 0.0000436012 0.0000000519 0.0000000004 
0.9995215837 0.0000081516 0.0002633339 0.0000308072 0.0001496235 0.0000265001 
0.0010535051 0.2724340643 0.0068922483 0.4514757817 0.2681417964 0.0000026042 
0.0004288688 0.0816889011 0.0016060245 0.0051391314 0.9105987584 0.0005383157 
0.0005999018 0.9889275820 0.0058793579 0.0044044429 0.0001871217 0.0000015938 
0.0000000012 0.9999999962 0.0000000023 0.0000000002 0.0000000001 0.0000000000 
0.0000001231 0.9712110867 0.0000018910 0.0278496474 0.0007328061 0.0002044458 
0.0000000055 0.9852497502 0.0000005496 0.0061831502 0.0061513529 0.0024151917 
0.0166459977 0.9639754273 0.0157298021 0.0021849503 0.0014593126 0.0000045100 
0.0000136684 0.8119403956 0.0000001872 0.0004411594 0.1876026913 0.0000018982 
0.0000000000 0.0211156381 0.0000000080 0.9788839849 0.0000001650 0.0000002040 
0.0004978596 0.9961150446 0.0000679114 0.0018397382 0.0010587577 0.0004206886 
0.0031831535 0.4340305578 0.0001096962 0.0039872173 0.5586888489 0.0000005263 
0.0000174514 0.5413580066 0.3828777185 0.0596792763 0.0000339710 0.0160335763 
0.0000450677 0.9937401780 0.0053459111 0.0008677772 0.0000004442 0.0000006219 
0.0000146560 0.7086527622 0.0278893996 0.0085661971 0.0004678861 0.2544090989 
0.0002517784 0.9973032141 0.0001506094 0.0015500110 0.0007106020 0.0000337850 
0.0000603322 0.9294449138 0.0107130899 0.0522679736 0.0074835693 0.0000301213 
0.0000001772 0.0566909640 0.0111008406 0.0957749411 0.4147517474 0.4216813297 
0.0000047902 0.0006294399 0.0006399323 0.9985956270 0.0000157467 0.0001144638 
0.0000061939 0.0000218369 0.5329393464 0.4235035419 0.0001228835 0.0434061974 
0.1861291339 0.2464410924 0.0008997429 0.0095830422 0.5566473678 0.0002996207 
0.0000338386 0.0964955510 0.0000027500 0.0014306044 0.9020338896 0.0000033665 
0.0000003085 0.0017353414 0.0000014847 0.0072667386 0.9909932911 0.0000028357 
0.0000000429 0.0000000250 0.0000022804 0.0000046796 0.0000000001 0.9999929718 
0.0000000008 0.0000000028 0.0042223838 0.0830153919 0.0000000018 0.9127622189 
0.0000000110 0.1540812212 0.0000076179 0.0376418048 0.8082675146 0.0000018304 
0.0000000921 0.0000001895 0.8023524224 0.0399554299 0.0000000336 0.1576918324 
0.0000049182 0.0000055457 0.0004183260 0.3824855223 0.0005626131 0.6165230747 
0.0000000132 0.0002347096 0.0000006361 0.0118194763 0.9879405701 0.0000045946 
0.0000000000 0.0000000001 0.0000000012 0.9999995466 0.0000003588 0.0000000933 
0.0000000000 0.0000000000 0.0000000011 0.0000000620 0.0000000001 0.9999999368 
0.0000000000 0.0000000000 0.0000000000 0.0000000000 1.0000000000 0.0000000000 
0.0005116715 0.9695032717 0.0000004653 0.0002102955 0.0297737465 0.0000005494 
0.0000000000 0.0000000005 0.0000000000 0.9999999994 0.0000000000 0.0000000002 
0.0000000001 0.0000004184 0.0000000120 0.0000001735 0.9999993950 0.0000000009 
0.0000000000 0.0000000020 0.0011788359 0.2922371944 0.0000000011 0.7065839666 
0.2331695784 0.7640652873 0.0003367578 0.0017623032 0.0006639203 0.0000021530 
0.0993173245 0.8665765099 0.0000475561 0.0085012874 0.0255530779 0.0000042443 
0.0000339802 0.2084592148 0.0069388234 0.0241844405 0.7603193413 0.0000641998 
0.0000000000 0.0000000004 0.0000002578 0.0000376581 0.0000005898 0.9999614940 
0.9995007465 0.0004614908 0.0000305478 0.0000035457 0.0000036656 0.0000000035 
0.0007002913 0.8436911017 0.0000031731 0.0028974305 0.1525899592 0.0001180442 
0.0001968773 0.0019622390 0.4158789555 0.5587411795 0.0010629809 0.0221577679 
0.0000032737 0.6722303854 0.0002578445 0.3275067479 0.0000017340 0.0000000144 
0.9991999466 0.0006633003 0.0000044245 0.0001318471 0.0000001579 0.0000003237 
0.0000000000 0.0000000000 0.0004198121 0.0001051415 0.0000000000 0.9994750463 
0.0000096867 0.0000827546 0.0594050189 0.9373384950 0.0000058891 0.0031581557 
1.0000000000 0.0000000000 0.0000000000 0.0000000000 0.0000000000 0.0000000000 
0.0000000072 0.0000196222 0.0000000047 0.0000589980 0.9999208311 0.0000005368 
0.0000000000 0.0000000001 0.0000000193 0.0006865578 0.0000000000 0.9993134229 
0.0000000000 0.0009008152 0.1010738062 0.8979898150 0.0000059064 0.0000296572 
0.0000000009 0.0000011445 0.0003905079 0.9871001875 0.0000089567 0.0124992025 
0.0000000054 0.9999999915 0.0000000023 0.0000000008 0.0000000000 0.0000000000 
0.0001616584 0.9596406861 0.0401976220 0.0000000263 0.0000000072 0.0000000000 
0.0000000000 0.0000000018 0.0000008687 0.0011578586 0.0000000001 0.9988412707 
0.6146047113 0.1994939966 0.0635002597 0.0777588844 0.0004295672 0.0442125809 
0.0000034834 0.9993931451 0.0006016822 0.0000016837 0.0000000009 0.0000000047 
0.0000000000 0.0000000002 0.0000004117 0.0000001492 0.0000000004 0.9999994385 
0.0001010017 0.0018977774 0.4937885870 0.2506992938 0.0001493951 0.2533639450 
0.1263371614 0.8629055698 0.0106768135 0.0000788060 0.0000000507 0.0000015987 
0.0000000000 0.0000000000 0.0000182757 0.6154236699 0.0000000000 0.3845580543 
0.0000000000 0.0000000006 0.0000263508 0.0000072903 0.0000000000 0.9999663583 
0.0000000000 0.0000001322 0.0000001497 0.9999712447 0.0000000007 0.0000284728 
0.0440979074 0.9533090845 0.0018744792 0.0003212003 0.0001856577 0.0002116709 
1.0000000000 0.0000000000 0.0000000000 0.0000000000 0.0000000000 0.0000000000 
0.0031859641 0.0987012150 0.5668795250 0.3087928212 0.0224040995 0.0000363752 
0.0000000063 0.0432598268 0.0003537307 0.0006241150 0.9557623202 0.0000000011 
0.0000029205 0.9999967527 0.0000003060 0.0000000205 0.0000000003 0.0000000000 
0.0057598786 0.9263581791 0.0395882311 0.0043077650 0.0238599319 0.0001260143 
0.0000000028 0.0000501966 0.0000006948 0.9999173236 0.0000006917 0.0000310906 
0.0000000000 1.0000000000 0.0000000000 0.0000000000 0.0000000000 0.0000000000 
0.0000000000 0.0000011033 0.0000000069 0.0000610687 0.9999374763 0.0000003448 
0.0831591882 0.0197601679 0.0744301840 0.7083287317 0.0015194214 0.1128023068 
0.9648364921 0.0000202171 0.0351147810 0.0000108055 0.0000001006 0.0000176037 
0.0000022340 0.1537756273 0.0000413296 0.8314309985 0.0095824197 0.0051673909 
0.0000000492 0.9999992418 0.0000003779 0.0000000928 0.0000002382 0.0000000000 
0.0000000064 0.0000078207 0.0000000574 0.0000887250 0.9998950875 0.0000083029 
0.0002490564 0.9885017491 0.0107648807 0.0004620261 0.0000023434 0.0000199443 
0.0002969612 0.9974735164 0.0001222285 0.0015058650 0.0005911969 0.0000102319 
0.0000000000 0.0000000001 0.0009334820 0.0000187309 0.0000000000 0.9990477870 
0.0008034057 0.0000863984 0.3950208789 0.5665054669 0.0000041178 0.0375797323 
0.9999990602 0.0000008983 0.0000000018 0.0000000396 0.0000000000 0.0000000000 
0.0000000326 0.0000000236 0.0000051012 0.9998644325 0.0000959120 0.0000344982 
0.0029900181 0.6528215208 0.0008842407 0.2182378330 0.1219672623 0.0030991251 
0.9999999575 0.0000000250 0.0000000148 0.0000000012 0.0000000015 0.0000000000 
0.0000000000 0.0000000000 0.0000000230 0.0000535275 0.0000000000 0.9999464495 
0.0000187938 0.9999811899 0.0000000002 0.0000000161 0.0000000000 0.0000000000 
0.9999959124 0.0000040214 0.0000000649 0.0000000011 0.0000000001 0.0000000000 
0.0000275120 0.9999192696 0.0000000305 0.0000531154 0.0000000007 0.0000000718 
0.0000006522 0.0000202899 0.0077435030 0.8305622490 0.0001772519 0.1614960540 
0.0003060375 0.9827599015 0.0091636476 0.0070666391 0.0006995480 0.0000042263 
0.0000000059 0.0000623227 0.0716848954 0.3790158916 0.0000060618 0.5492308225 
0.0000000273 0.0001218974 0.0000009531 0.0007385474 0.9991385735 0.0000000013 
0.0000000035 0.0000001268 0.2823947842 0.0004961554 0.0000001171 0.7171088130 
0.0001871006 0.8584781884 0.1328620158 0.0063863986 0.0001929488 0.0018933479 
0.0981344389 0.2720754446 0.3407371574 0.2685684740 0.0197527158 0.0007317693 
1.0000000000 0.0000000000 0.0000000000 0.0000000000 0.0000000000 0.0000000000 
1.0000000000 0.0000000000 0.0000000000 0.0000000000 0.0000000000 0.0000000000 
0.0002090206 0.0026549768 0.7120102098 0.2327661254 0.0000150971 0.0523445703 
0.0000153927 0.7480486925 0.0005170511 0.0784473962 0.1713395030 0.0016319644 
0.0033461527 0.6960126624 0.1604616169 0.0070334592 0.1329430366 0.0002030722 
0.0000000000 0.0000000000 0.0000000000 0.0000000665 0.0000000000 0.9999999334 
0.0004527821 0.0102963637 0.0170679347 0.9718372895 0.0000329191 0.0003127108 
0.0000029789 0.2642260646 0.0016617741 0.1064975366 0.6275539562 0.0000576896 
0.0000000229 0.9992524715 0.0007306068 0.0000168979 0.0000000007 0.0000000001 
0.0000000343 0.0005405293 0.0052628014 0.9941604751 0.0000005558 0.0000356041 
0.0000039282 0.0018332142 0.0010082242 0.0422683512 0.0035859489 0.9513003334 
0.0000000002 0.0000000000 0.5770791744 0.0002447158 0.0000000001 0.4226761094 
0.0008067961 0.0378273808 0.0175723379 0.0492083383 0.3587982077 0.5357869392 
0.0000096013 0.2668422972 0.1260721209 0.0154433499 0.0000021637 0.5916304670 
0.0000000000 0.0000000002 0.0000000059 0.0000000896 0.9999998897 0.0000000146 
0.0007759348 0.0453542401 0.1641128404 0.0746744772 0.7149544499 0.0001280576 
0.0000000000 0.0000007166 0.0000012121 0.9995918446 0.0000065366 0.0003996900 
0.0000000193 0.9996659166 0.0003339920 0.0000000721 0.0000000000 0.0000000000 
0.0000311233 0.0027739505 0.0016961833 0.0494824968 0.0011442798 0.9448719663 
0.0000000187 0.0000108896 0.0000862628 0.0004824615 0.0000068766 0.9994134908 
0.0000000001 0.0000089257 0.0000000013 0.0000000030 0.9999910699 0.0000000000 
0.0000000869 0.0000604730 0.0000010672 0.0095218868 0.9904108933 0.0000055927 
0.0000100007 0.9639967423 0.0000898334 0.0008088794 0.0350931582 0.0000013860 
0.0000000000 0.0000000003 0.0000000000 0.0000000001 0.9999999996 0.0000000000 
0.0000000275 0.0000007232 0.0000000319 0.0000075279 0.9999915119 0.0000001775 
0.0000000000 0.0000000000 0.0000000000 0.0000000001 0.9999999999 0.0000000000 
0.0000000014 0.0000004222 0.0000000048 0.0000096900 0.9997204113 0.0002694702 
0.0000037104 0.0511490896 0.0032154245 0.9450716993 0.0002522122 0.0003078640 
0.0000000006 0.0000000068 0.2578012466 0.0069986857 0.0000000759 0.7351999843 
0.0000007981 0.0002599160 0.0000286055 0.0005972999 0.9991087170 0.0000046635 
0.0000010214 0.0041180189 0.0064541143 0.0561397834 0.0000091230 0.9332779391 
0.0000249699 0.0001228763 0.0007391877 0.0548559252 0.0000075821 0.9442494588 
0.0000000037 0.0000307358 0.0040586908 0.0001356522 0.9957713281 0.0000035894 
0.0000003288 0.9999994978 0.0000001732 0.0000000002 0.0000000000 0.0000000000 
0.0000000000 0.0000000000 0.0000000000 0.0000000008 0.0000000000 0.9999999992 
0.0001080859 0.9997841595 0.0000013831 0.0000517968 0.0000542009 0.0000003737 
0.0000003129 0.0000000641 0.0000010591 0.0014072700 0.0000857842 0.9985055096 
0.0000000002 0.0000003221 0.0000000000 0.0000013332 0.9999983444 0.0000000000 
0.0000061736 0.9890194921 0.0051246120 0.0015999421 0.0042457737 0.0000040065 
0.0197722522 0.9425557889 0.0154340340 0.0163131604 0.0050082824 0.0009164821 
0.0000000004 0.0000051544 0.0000000001 0.0000018223 0.9999930225 0.0000000003 
0.0000000000 0.0000000000 0.0000000000 0.0000000008 0.9999999991 0.0000000000 
0.0000016298 0.9780461908 0.0000733322 0.0199693024 0.0018962402 0.0000133046 
0.0000010506 0.0076803129 0.0310794003 0.9607496006 0.0000018896 0.0004877461 
0.0004979441 0.0088250810 0.1702342484 0.1096561243 0.0015295566 0.7092570456 
0.0000000000 0.0000000000 0.0000009074 0.0000003054 0.0000000000 0.9999987872 
0.0000000000 0.0000000012 0.0000605773 0.0000315016 0.0000000000 0.9999079199 
0.0000008277 0.0000059369 0.0000714671 0.0085944581 0.0008901718 0.9904371384 
0.0000000000 0.0000000000 0.0000000000 0.0000000007 0.9999999992 0.0000000000 
0.0008723624 0.0812948190 0.1145547797 0.4631111375 0.0082242353 0.3319426662 
0.0000000087 0.0000056559 0.0137270681 0.0334648045 0.0000000359 0.9528024269 
0.0001580929 0.9230482533 0.0663853154 0.0092146599 0.0008726385 0.0003210399 
0.0043838264 0.9553139557 0.0080040448 0.0297642972 0.0003130765 0.0022207996 
0.0005160084 0.9829043413 0.0165230294 0.0000474629 0.0000078455 0.0000013126 
0.0000000000 0.0000000008 0.0000000000 0.0000000325 0.9999999662 0.0000000004 
0.0000000000 0.0000000000 0.0000000000 0.0000001834 0.0000000002 0.9999998163 
0.0000000000 0.0000000000 0.0000000055 0.0000000831 0.0000000033 0.9999999081 
0.0000022018 0.0020841698 0.1575677017 0.2774068108 0.0000304302 0.5629086857 
0.9999795967 0.0000169331 0.0000011878 0.0000022405 0.0000000414 0.0000000005 
0.0000000000 0.0000000780 0.0000000374 0.0000032614 0.9999965393 0.0000000837 
0.0022142793 0.5961356689 0.0000625834 0.0204899642 0.3810304657 0.0000670385 
0.0076287352 0.9923711179 0.0000000685 0.0000000690 0.0000000094 0.0000000000 
0.0000000385 0.0000004583 0.0000016099 0.0001640193 0.9998258145 0.0000080595 
0.0000000000 0.0000000000 0.0001240127 0.0000000079 0.0000000000 0.9998759793 
0.0000000001 0.9963872395 0.0000000047 0.0036124792 0.0000000172 0.0000002592 
0.0000000009 0.0584075633 0.0026846336 0.9150369870 0.0001358833 0.0237349318 
0.9999999996 0.0000000004 0.0000000000 0.0000000000 0.0000000000 0.0000000000 
0.0000000000 0.0000000000 0.0000002223 0.0000102239 0.0000000000 0.9999895538 
0.2925418753 0.7072941414 0.0001426995 0.0000209689 0.0000000403 0.0000002746 
0.0000000000 0.0000000000 0.0000000000 0.0000003740 0.9999996260 0.0000000000 
0.0000025775 0.9994036456 0.0001626038 0.0001427532 0.0002884003 0.0000000197 
0.0000000075 0.0006386407 0.0000831559 0.0000782448 0.9991800833 0.0000198678 
0.9999999940 0.0000000053 0.0000000002 0.0000000001 0.0000000004 0.0000000000 
0.0000001461 0.0214938649 0.0021236605 0.0004057910 0.9759750391 0.0000014984 
0.0000000895 0.9991900538 0.0005149269 0.0001057111 0.0001892165 0.0000000022 
0.0000000000 0.0000000039 0.0703177496 0.8899636756 0.0000000000 0.0397185708 
0.0000824679 0.2157507732 0.0007986750 0.6872980960 0.0028991907 0.0931707972 
0.0000000000 0.0000000005 0.0000000115 0.0000491520 0.0000000012 0.9999508347 
0.0000000000 0.0000063595 0.0000000000 0.0000001351 0.9999935053 0.0000000001 
0.0000000000 0.0000000000 0.0000121441 0.0125190069 0.0000000000 0.9874688490 
1.0000000000 0.0000000000 0.0000000000 0.0000000000 0.0000000000 0.0000000000 
0.0000035574 0.0068427311 0.0086819909 0.4179974959 0.5644889550 0.0019852697 
0.0002600315 0.0029787843 0.0000386928 0.0004254265 0.9962970522 0.0000000127 
0.0000000002 0.0000000049 0.0000000240 0.0000008969 0.0000003091 0.9999987649 
0.0632409472 0.9328109243 0.0039006832 0.0000022388 0.0000451792 0.0000000273 
0.0000000166 0.9989192038 0.0000831384 0.0004598676 0.0000007191 0.0005370544 
0.0000000021 0.9976345156 0.0023654823 0.0000000000 0.0000000000 0.0000000000 
0.0000000000 0.0000000000 0.0000000729 0.0000241533 0.0000000098 0.9999757639 
0.0000000021 0.2462432667 0.0000103088 0.7492739120 0.0000221313 0.0044503792 
0.0000000000 0.0136673737 0.0000000361 0.9863130095 0.0000195803 0.0000000003 
0.0000532667 0.9960384756 0.0039081364 0.0000000587 0.0000000044 0.0000000582 
0.0017022336 0.9977883301 0.0000247971 0.0004692682 0.0000151491 0.0000002219 
0.0000130007 0.9996027627 0.0000004883 0.0003689078 0.0000136401 0.0000012004 
0.0000002281 0.9998640594 0.0000017228 0.0001111096 0.0000228785 0.0000000016 
0.0000000000 0.0000000000 0.0001385859 0.0000000950 0.0000000000 0.9998613190 
0.9999999999 0.0000000000 0.0000000000 0.0000000000 0.0000000000 0.0000000001 
0.0000822800 0.4472869076 0.0248747537 0.3012711824 0.2264636043 0.0000212721 
0.0000000020 0.0000387104 0.0000085724 0.0106945062 0.9891238224 0.0001343866 
0.0000031819 0.0032289760 0.0003289755 0.1885973558 0.8004248862 0.0074166247 
0.0000320990 0.0007310693 0.0000294524 0.9991885686 0.0000088368 0.0000099739 
0.0009281509 0.0094882786 0.0000884472 0.0012088100 0.9857510586 0.0025352547 
0.0000014067 0.0135772113 0.0000012504 0.0000031527 0.9864169474 0.0000000316 
0.9627829686 0.0370936764 0.0000989318 0.0000227323 0.0000012388 0.0000004521 
0.0000061692 0.0000200527 0.0000002811 0.0000064658 0.9999670149 0.0000000164 
0.0000000000 0.0000000000 0.0000000009 0.0000963015 0.0077256894 0.9921780082 
0.0000000616 0.0000673679 0.0000000165 0.0000050286 0.9999275153 0.0000000102 
0.0000000000 0.0000015527 0.0000000000 0.0000043425 0.9999941046 0.0000000002 
0.0000072547 0.0047691283 0.0088098737 0.1202118128 0.7938690142 0.0723329162 
0.0000013169 0.0000424531 0.0000000452 0.0000843216 0.9998716699 0.0000001932 
0.0000000014 0.0000352909 0.0000010019 0.9999633347 0.0000000007 0.0000003703 
0.0000000000 0.0000000003 0.0000000012 0.0000053652 0.0000000246 0.9999946086 
0.0000057185 0.0001602257 0.0000592188 0.9881213835 0.0112464988 0.0004069547 
0.0000000024 0.9991854917 0.0000000459 0.0008128290 0.0000016145 0.0000000164 
0.0000000000 0.0005072867 0.0000000190 0.0000054765 0.9994831086 0.0000041092 
0.1827702037 0.8172264542 0.0000033101 0.0000000320 0.0000000000 0.0000000000 
0.0067647836 0.0000439668 0.0000000222 0.0000002612 0.9931909622 0.0000000040 
0.0000000018 0.0000014040 0.0000000027 0.0000119448 0.9999866415 0.0000000050 
0.1423018116 0.3347925692 0.1894260539 0.3145319371 0.0032280667 0.0157195615 
0.0000000018 0.3042921809 0.0000024723 0.6952026852 0.0004485562 0.0000541037 
0.0000000001 0.0000405147 0.0000000545 0.0004895575 0.9994697059 0.0000001675 
0.0481266840 0.0530173794 0.0658955061 0.8329580586 0.0000003237 0.0000020481 
0.9957514538 0.0002503741 0.0033896701 0.0002314481 0.0000000280 0.0003770259 
0.0000000000 0.0000000000 0.0000472671 0.0005613593 0.0000000000 0.9993913736 
0.9999999973 0.0000000000 0.0000000000 0.0000000000 0.0000000000 0.0000000027 
0.0000000000 0.0000000466 0.0000052792 0.9408957872 0.0000001005 0.0590987865 
0.0000000497 0.0062294070 0.0020910999 0.0145894804 0.0009795413 0.9761104217 
0.0000000000 0.0000000000 0.0000000000 0.0000000150 0.9999999849 0.0000000001 
0.0007354463 0.9979007685 0.0002573336 0.0000849312 0.0010110217 0.0000104987 
0.0001269072 0.0067746581 0.9069249953 0.0263573194 0.0000021711 0.0598139490 
0.0000000000 0.0000000000 0.9999982404 0.0000000003 0.0000000000 0.0000017593 
0.9427370151 0.0547672999 0.0000139003 0.0006210376 0.0018578968 0.0000028503 
0.0006433973 0.0000059857 0.0630306272 0.9345082451 0.0000092508 0.0018024939 
0.0700731401 0.6982148005 0.0526827106 0.1313334849 0.0099316905 0.0377641734 
0.0000005022 0.2973005498 0.0005667166 0.0594960705 0.6425595230 0.0000766378 
0.0000000000 0.0000000009 0.0000000000 0.0000012910 0.9999987078 0.0000000003 
0.0038957078 0.9943759274 0.0017282348 0.0000001299 0.0000000001 0.0000000000 
0.0000000002 0.9999892384 0.0000001139 0.0000096220 0.0000010244 0.0000000011 
0.0000001543 0.0001826829 0.0000441906 0.9479351308 0.0000340986 0.0518037428 
0.0000000000 0.0000000000 0.0000001636 0.0000000075 0.0000000000 0.9999998289 
1.0000000000 0.0000000000 0.0000000000 0.0000000000 0.0000000000 0.0000000000 
1.0000000000 0.0000000000 0.0000000000 0.0000000000 0.0000000000 0.0000000000 
0.0000000013 0.0002481237 0.0024714856 0.9972791579 0.0000000986 0.0000011330 
0.7415519621 0.2576557788 0.0002184450 0.0004831112 0.0000891038 0.0000015990 
0.7520347840 0.2265708740 0.0035481949 0.0036019611 0.0140759378 0.0001682482 
0.0000167139 0.0599923595 0.0000385858 0.0423669813 0.8947094542 0.0028759054 
0.0000000000 0.0000000008 0.0000010311 0.0002547440 0.0000000000 0.9997442241 
0.0000000000 0.0000000000 0.0000000000 0.0000000000 0.0000000000 1.0000000000 
0.0000000065 0.9727979623 0.0019323951 0.0244454834 0.0008219281 0.0000022246 
0.9999999841 0.0000000159 0.0000000000 0.0000000000 0.0000000000 0.0000000000 
0.0000000898 0.8622332343 0.0001917264 0.1320497530 0.0036222475 0.0019029490 
0.0000005193 0.0002255533 0.0000000740 0.0002977286 0.9994760059 0.0000001189 
0.0000000612 0.0000941748 0.0000016353 0.0002739273 0.0029863465 0.9966438548 
0.9999999279 0.0000000721 0.0000000000 0.0000000000 0.0000000000 0.0000000000 
0.0050916612 0.3759759011 0.0093647706 0.0082324181 0.6005171880 0.0008180610 
0.0481078980 0.9143350771 0.0022663554 0.0352805489 0.0000099842 0.0000001364 
0.0000000003 0.0000861792 0.0000002176 0.0002734875 0.9996386269 0.0000014886 
0.0000000000 0.0000002645 0.0000056891 0.9999933625 0.0000000006 0.0000006833 
0.0000000092 0.0023032873 0.0002340774 0.0037579409 0.0204498576 0.9732548276 
0.0000000000 0.0000000000 0.0000021243 0.0000342603 0.0000001492 0.9999634663 
0.0000006765 0.0490273255 0.0000002511 0.0001440918 0.9508221404 0.0000055146 
1.0000000000 0.0000000000 0.0000000000 0.0000000000 0.0000000000 0.0000000000 
0.0001252515 0.1853530815 0.0000904190 0.8140091733 0.0004199206 0.0000021541 
0.0000000014 0.0000137380 0.0000012847 0.1145181944 0.0000017856 0.8854649959 
0.0000000313 0.9999999286 0.0000000277 0.0000000124 0.0000000000 0.0000000000 
0.0000000000 0.0000000000 0.0000000004 0.0000001079 0.0000000000 0.9999998917 
0.9999586222 0.0000413778 0.0000000000 0.0000000000 0.0000000000 0.0000000000 
0.0000000055 0.9999974170 0.0000025375 0.0000000370 0.0000000007 0.0000000023 
0.0000000002 0.0000000046 0.0000000150 0.0000002326 0.0000000003 0.9999997472 
0.0000000003 0.0000044326 0.0000000073 0.0000048512 0.9999906855 0.0000000231 
0.0000013594 0.1787888363 0.0000285414 0.8138583178 0.0073218838 0.0000010614 
0.0000000000 0.0000000180 0.0000000025 0.0000000235 0.9999999467 0.0000000094 
0.9999158559 0.0000000000 0.0000000000 0.0000000000 0.0000000000 0.0000841441 
0.0000000000 0.0000006473 0.5043999771 0.0023581182 0.0000000044 0.4932412529 
0.0170521453 0.8380062590 0.1040512759 0.0404384451 0.0004483014 0.0000035734 
0.9453114992 0.0546680967 0.0000018259 0.0000185672 0.0000000106 0.0000000004 
0.0000000095 0.9918848166 0.0000000090 0.0079627103 0.0001458226 0.0000066320 
0.3825558951 0.2918651323 0.0000130539 0.0035701831 0.3219838571 0.0000118785 
0.0000000002 0.0014271166 0.8937362375 0.1044580882 0.0000673853 0.0003111721 
0.0000001111 0.1198388727 0.0706703972 0.0416394419 0.0000003873 0.7678507897 
0.0000000001 0.0000253894 0.0000000001 0.0000006917 0.9999739184 0.0000000004 
0.0000000000 1.0000000000 0.0000000000 0.0000000000 0.0000000000 0.0000000000 
0.0000000000 1.0000000000 0.0000000000 0.0000000000 0.0000000000 0.0000000000 
0.0000004176 0.5164627168 0.0000062091 0.4831788634 0.0003499975 0.0000017957 
0.0407485506 0.9457423725 0.0016968029 0.0021083201 0.0097021224 0.0000018315 
0.0000000903 0.9998679738 0.0001291087 0.0000026697 0.0000001330 0.0000000245 
0.0000009541 0.9666364996 0.0000009264 0.0004112870 0.0329499906 0.0000003423 
0.0000000000 0.0000000000 0.0000000126 0.0000057176 0.0000002839 0.9999939859 
0.0000003917 0.9621932305 0.0014379448 0.0009308125 0.0354364704 0.0000011501 
0.9999999978 0.0000000022 0.0000000000 0.0000000000 0.0000000000 0.0000000000 
0.9999869729 0.0000118229 0.0000011236 0.0000000763 0.0000000039 0.0000000005 
0.1808752254 0.8186080183 0.0005157057 0.0000010196 0.0000000269 0.0000000040 
0.0000328544 0.9889179622 0.0000229975 0.0000957770 0.0109274253 0.0000029835 
0.0000002346 0.9435236991 0.0168170716 0.0394653930 0.0001815810 0.0000120208 
0.0000000000 0.0000000122 0.0000011764 0.0000036370 0.0000001274 0.9999950470 
0.0000701147 0.0015869428 0.0152117167 0.0028138577 0.0016697682 0.9786475998 
0.0000000076 0.9999814235 0.0000012758 0.0000172198 0.0000000006 0.0000000726 
0.0000979603 0.9894032213 0.0013374391 0.0079537021 0.0004900914 0.0007175858 
0.0000000000 0.0000001630 0.0000455246 0.9996761989 0.0000577944 0.0002203190 
0.0000000002 0.0000000230 0.0000001426 0.1693712898 0.0000187279 0.8306098167 
0.9999879312 0.0000000000 0.0000000128 0.0000011400 0.0000000000 0.0000109160 
0.0000002890 0.9972694246 0.0001007198 0.0026193808 0.0000095011 0.0000006846 
0.0000036801 0.9979011518 0.0020646544 0.0000286012 0.0000001975 0.0000017149 
0.0000026378 0.9598084801 0.0008525137 0.0029433754 0.0363508646 0.0000421284 
0.0000000000 0.0000000059 0.0000000000 0.0000000951 0.9999998907 0.0000000082 
0.0000315835 0.0076998088 0.0491334609 0.9099889747 0.0265730977 0.0065730744 
0.0192154386 0.0472993223 0.0000086457 0.0005421229 0.9329338624 0.0000006081 
0.0000000028 0.0001294720 0.0000000007 0.0278800890 0.9719904163 0.0000000193 
0.0000000000 0.0000000115 0.0000000000 0.0000000001 0.9999999884 0.0000000000 
0.0001126194 0.0000098824 0.8412479975 0.0530518025 0.0005865505 0.1049911478 
0.2562333142 0.3528201903 0.0059969140 0.3511618261 0.0197444978 0.0140432576 
0.9999999899 0.0000000000 0.0000000007 0.0000000094 0.0000000000 0.0000000001 
0.0000000000 0.0000000000 0.0000000000 0.0000000005 0.9999999995 0.0000000000 
0.0000151288 0.2292851425 0.6470678862 0.1217098654 0.0001303107 0.0017916664 
0.0000006150 0.0070931186 0.0000000315 0.0001299147 0.0000005616 0.9927757587 
0.0000000756 0.9999947630 0.0000001528 0.0000047275 0.0000001910 0.0000000902 
0.0000000000 0.0000001534 0.0000000000 0.0000000382 0.9999998070 0.0000000014 
0.0000000696 0.9999980955 0.0000004431 0.0000002390 0.0000011528 0.0000000000 
0.0000000000 0.0000000091 0.0000005105 0.0000001682 0.9999993043 0.0000000079 
0.0000000000 0.0000000000 0.0000000011 0.0000001357 0.0000000023 0.9999998609 
0.0104109085 0.0024621408 0.5608866016 0.0971910610 0.3198175021 0.0092317861 
0.9999998997 0.0000000007 0.0000000010 0.0000000005 0.0000000000 0.0000000981 
0.0002230311 0.0049782714 0.0000083462 0.0003828744 0.9944060632 0.0000014138 
0.0000000000 0.0000961724 0.7826456528 0.2074825410 0.0000028156 0.0097728183 
0.7261412734 0.2636859864 0.0086230359 0.0000378690 0.0015118148 0.0000000205 
0.0000000000 0.9999987997 0.0000006892 0.0000005086 0.0000000024 0.0000000000 
0.0001101076 0.9991258878 0.0000000064 0.0007638097 0.0000001885 0.0000000000 
0.0000000000 0.0000000000 0.0000000000 0.0000000000 1.0000000000 0.0000000000 
0.0000000000 0.0000000000 0.0000000035 0.0000000772 0.0000000000 0.9999999193 
0.0000000000 0.0000000001 0.0000000162 0.9999635400 0.0000000002 0.0000364435 
0.0000000016 0.0001856261 0.8340694569 0.1608867286 0.0000374072 0.0048207796 
0.0000000033 0.0000841839 0.0000030637 0.0000155712 0.9998971779 0.0000000000 
0.0000000134 0.0039703680 0.0000010991 0.0000815902 0.9946333489 0.0013135804 
0.0000014874 0.1669956076 0.0000788361 0.0015159041 0.8314072804 0.0000008845 
0.0000001168 0.0092981126 0.0000191707 0.9894131982 0.0008605606 0.0004088412 
0.0000000014 0.0001721912 0.0009979264 0.9838140989 0.0002470062 0.0147687760 
0.0000051910 0.9509154352 0.0028619711 0.0129368928 0.0325398720 0.0007406379 
0.0000000000 0.0000000016 0.0003804665 0.0007012789 0.0000000000 0.9989182530 
0.0000000000 0.0000006913 0.0000000505 0.0000547913 0.9999444559 0.0000000109 
0.0001126517 0.0003207361 0.0000213528 0.0015427194 0.9978927235 0.0001098166 
0.0533768358 0.0315143791 0.0195282464 0.8921629711 0.0029083910 0.0005091766 
0.0000000000 0.0000000000 0.0000000000 1.0000000000 0.0000000000 0.0000000000 
1.0000000000 0.0000000000 0.0000000000 0.0000000000 0.0000000000 0.0000000000 
0.0000064034 0.9990994852 0.0000195679 0.0000509927 0.0008234046 0.0000001462 
0.0000000173 0.5184836681 0.0011112604 0.0071131374 0.4729958423 0.0002960744 
0.0000000005 0.1234228954 0.0000169165 0.8765217834 0.0000000570 0.0000383472 
0.0000000000 0.0000000000 0.0000000002 0.0000003172 0.9999996822 0.0000000004 
0.0000579858 0.0011480243 0.9981018826 0.0006049902 0.0000690886 0.0000180285 
0.0000000000 0.0000000052 0.0000000003 0.9999999898 0.0000000001 0.0000000047 
0.0001050774 0.9812905013 0.0000017912 0.0133047600 0.0052977640 0.0000001060 
0.0000009127 0.0024774830 0.0000036705 0.0010659777 0.9963753032 0.0000766530 
0.0000002847 0.0025107518 0.9849299627 0.0000272026 0.0000088817 0.0125229166 
0.0000000000 0.0000000000 0.0000000000 0.0000000000 0.0000000000 1.0000000000 
1.0000000000 0.0000000000 0.0000000000 0.0000000000 0.0000000000 0.0000000000 
0.0000000000 0.0000000000 0.0000000000 0.0000000000 1.0000000000 0.0000000000 
0.0000000006 0.0000000194 0.0000000120 0.0000026448 0.0000000263 0.9999972969 
0.0000000000 0.0000000012 0.0000000118 0.0000000004 0.9999999865 0.0000000000 
0.0000000000 0.0000000000 0.0000000000 0.0000000220 0.0000000101 0.9999999680 
0.0000001044 0.0196025403 0.3257346714 0.0316235863 0.6181342236 0.0049048741 
0.0000000797 0.0000057921 0.0000000664 0.0000015350 0.9999924920 0.0000000349 
0.0000000095 0.9918848166 0.0000000090 0.0079627103 0.0001458226 0.0000066320 
0.0000000000 0.0000004335 0.0010230903 0.0004015905 0.0000001541 0.9985747317 
0.0000000001 0.0000002336 0.0000008983 0.0000190811 0.9999789616 0.0000008253 
0.0000000000 0.0000000000 0.9947267598 0.0000169659 0.0000000001 0.0052562741 
0.0000000001 0.0000000004 0.0000000746 0.9999779015 0.0000000001 0.0000220233 
0.0000000000 0.0000000000 0.0000000000 0.0000000006 0.0000000000 0.9999999994 
0.0000000000 0.0000000000 0.0017828941 0.9950643724 0.0000000000 0.0031527334 
0.0000000021 0.9583998555 0.0000020374 0.0346591488 0.0069389108 0.0000000455 
0.0000000000 0.0000091383 0.0000003583 0.0000000032 0.9999904998 0.0000000005 
0.0000000000 0.0000000112 0.0000000013 0.0000058601 0.9999924968 0.0000016306 
0.0000000000 0.0000001381 0.0000000000 0.0000004888 0.9999993731 0.0000000000 
0.0000000000 0.0000000000 0.0000000000 0.0000000000 0.0000000000 1.0000000000 
0.0000000000 0.0000000000 0.0000000000 0.0000000017 0.9999999982 0.0000000000 
0.0000000000 0.0000000000 0.0000000000 0.0000000000 1.0000000000 0.0000000000 
0.0000000000 0.0000000000 0.0000000000 0.0000000000 1.0000000000 0.0000000000 
0.0000000008 0.0000078378 0.0000000007 0.0000661356 0.9999251722 0.0000008528 
0.0000000154 0.9978142618 0.0000042644 0.0007165885 0.0000000097 0.0014648602 
0.0025163330 0.9354402994 0.0014156219 0.0580581197 0.0019488796 0.0006207464 
0.0000000000 0.0000000001 0.0000000000 0.0000000047 0.9999999934 0.0000000018 
0.0228178155 0.9140735116 0.0419630867 0.0146217493 0.0063653608 0.0001584762 
0.0000000033 0.0000005387 0.0000000000 0.0000006126 0.9999988403 0.0000000049 
0.0000000000 0.0000000000 0.0000000000 0.0000000737 0.0000000008 0.9999999254 
0.0000002389 0.9999731851 0.0000004538 0.0000058718 0.0000202415 0.0000000089 
0.0000845190 0.0010225590 0.2549241129 0.7414211180 0.0000565766 0.0024911146 
0.0000000000 0.0000000000 0.0000041327 0.9999958587 0.0000000001 0.0000000085 
0.0000000000 0.0000000000 0.0000000000 0.0000000000 0.0000000000 1.0000000000 
0.0000000000 0.0000056431 0.0000000010 0.9999941038 0.0000002273 0.0000000248 
0.0000000000 0.0001977257 0.0009802466 0.7538738304 0.0000001481 0.2449480491 
0.0000067533 0.9602579219 0.0007333551 0.0380367877 0.0009578689 0.0000073130 
0.0000050258 0.0073479885 0.0028370870 0.1989862833 0.0000997059 0.7907239095 
0.9771865581 0.0129686011 0.0007606011 0.0068657030 0.0022144666 0.0000040700 
0.0000000606 0.9977492726 0.0022336496 0.0000033202 0.0000136953 0.0000000016 
0.0000272460 0.8430665383 0.0000657215 0.1546301512 0.0018356039 0.0003747392 
0.0000000327 0.0000007506 0.0000368152 0.0000681433 0.0000194126 0.9998748456 
0.0000000000 0.0000003185 0.0000000000 0.0000000135 0.9999996680 0.0000000000 
0.0025863002 0.9175826653 0.0771895371 0.0000204800 0.0026198571 0.0000011602 
0.0000000000 0.0000000002 0.0000000000 0.0000000152 0.9999999846 0.0000000000 
0.0000423281 0.0163758107 0.0000108676 0.0000615931 0.9835064094 0.0000029910 
0.0000000000 0.0000000535 0.3607824666 0.6374699780 0.0017469657 0.0000005362 
0.0000000000 0.0000000000 0.0000001592 0.0000042518 0.0000000000 0.9999955890 
0.0000000001 0.0004038242 0.0000000647 0.0000017691 0.9995943411 0.0000000008 
0.0000000000 0.0000000000 0.0000000017 0.0000000121 0.0000003345 0.9999996517 
0.0000000000 0.0000000000 0.0000000000 0.0000000000 0.0000000000 1.0000000000 
0.0000000268 0.0000314494 0.8701991310 0.0069751567 0.0181866284 0.1046076078 
0.0000000002 0.0000036675 0.0000000092 0.0000046718 0.9999914623 0.0000001890 
0.0000000000 0.0000000000 0.0000000004 0.0000001593 0.0000000000 0.9999998403 
0.0000000000 0.0000000000 0.0000000000 0.0000000296 0.0000000006 0.9999999698 
0.0000004391 0.8967548576 0.0000009187 0.0252938338 0.0779479630 0.0000019878 
0.0000000087 0.0000004572 0.0562029413 0.7955033541 0.0000305760 0.1482626627 
0.0000006233 0.0000066283 0.0009816537 0.0012603683 0.0170283320 0.9807223944 
0.9998889629 0.0001088441 0.0000021929 0.0000000000 0.0000000000 0.0000000000 
0.0000000000 0.0000000000 0.0000000000 0.0000000001 0.0000000001 0.9999999998 
0.0004437708 0.0000062642 0.0006014442 0.9887572875 0.0003771751 0.0098140582 
0.1325138093 0.0901536662 0.0000245270 0.0010352428 0.7762704801 0.0000022747 
0.0000000000 0.0000000002 0.0000000011 0.0018895633 0.9981104354 0.0000000001 
0.0000000000 0.6133488993 0.0000005806 0.3817681452 0.0048822746 0.0000001003 
0.0000000037 0.0000001438 0.0000000001 0.0000004279 0.9999994243 0.0000000002 
0.0000000006 0.0000000070 0.1632094233 0.0800913297 0.0000000527 0.7566991867 
0.0000000000 0.9999999997 0.0000000002 0.0000000001 0.0000000000 0.0000000000 
0.0000000000 0.0000000076 0.0002106651 0.0014366281 0.0000000018 0.9983526975 
0.0000000000 0.0000055268 0.0000000013 0.0000002506 0.9999942212 0.0000000000 
0.0000000000 0.0000001454 0.0000013020 0.0035761977 0.0000008583 0.9964214966 
0.0000000000 0.0000000000 0.0000000000 0.0000000000 1.0000000000 0.0000000000 
0.0000000004 0.0000425291 0.0003630283 0.9995910158 0.0000020624 0.0000013640 
0.0000000326 0.0000004515 0.0000000477 0.0000555765 0.9999385033 0.0000053884 
0.0000012622 0.0004670061 0.0382341469 0.9608086220 0.0000481773 0.0004407855 
0.0000000000 0.0000000000 0.0000000369 0.9994858716 0.0000000000 0.0005140915 
0.0000382259 0.0513278471 0.0003727442 0.3495874195 0.5984924292 0.0001813341 
0.0028245490 0.4258003284 0.0000062488 0.0012556464 0.5701099227 0.0000033047 
0.0000000000 0.0000000000 0.0000000000 0.0000000004 0.0000000006 0.9999999990 
0.0000000000 0.0000000000 0.0000000000 0.0000000000 1.0000000000 0.0000000000 
0.0000002222 0.0359342471 0.0000044088 0.0014536678 0.9626069380 0.0000005161 
0.0002782523 0.9489875368 0.0279491642 0.0211244771 0.0001409731 0.0015195965 
0.0000160528 0.0287368810 0.0001572440 0.9499035833 0.0210295055 0.0001567333 
0.0000000000 0.0000000123 0.0000009829 0.9999989766 0.0000000000 0.0000000283 
0.0000000000 0.0000000081 0.0000015290 0.0000634436 0.0000011168 0.9999339024 
0.0000194285 0.9988814615 0.0001081795 0.0004131307 0.0005777997 0.0000000001 
0.0000000000 0.0000000000 0.0000000000 0.0000000001 0.9999999999 0.0000000000 
0.0000038393 0.0000534498 0.0000027562 0.0016374160 0.9982861963 0.0000163424 
0.0000000002 0.0000000045 0.0000000000 0.0000000006 0.9999999948 0.0000000000 
0.0000000000 0.0000000044 0.9820348013 0.0008013208 0.0000001389 0.0171637347 
0.0000000452 0.0000210055 0.0000000030 0.0000375322 0.9999413019 0.0000001122 
0.0000000000 0.1370947373 0.0000009358 0.0001502544 0.0011754900 0.8615785824 
0.0000000000 0.0000000000 0.0000000000 0.0000000007 0.0000000007 0.9999999986 
0.0000000059 0.9002515405 0.0000019768 0.0978937521 0.0018463053 0.0000064194 
0.0126490185 0.0724694950 0.0029554579 0.0376021457 0.8662588612 0.0080650216 
0.0000238598 0.0001792329 0.0001897392 0.0008450372 0.9983759032 0.0003862278 
0.0000003774 0.0004288714 0.0000074717 0.0010052739 0.9985577526 0.0000002530 
0.0000000000 0.0000000001 0.0000000019 0.0000002237 0.0000000000 0.9999997743 
0.0000000029 0.0000003520 0.0000071879 0.9245984709 0.0000000113 0.0753939750 
0.0000000000 0.0000000000 0.0000000139 0.0000000051 0.0000000000 0.9999999810 
0.0000015100 0.1398472375 0.0004778974 0.8397023675 0.0198151965 0.0001557909 
0.9999763216 0.0000236675 0.0000000014 0.0000000092 0.0000000002 0.0000000000 
0.0032400350 0.7718804738 0.0022534408 0.1946551903 0.0278293027 0.0001415574 
0.0000001738 0.1373493431 0.0000011978 0.0000434884 0.8626057034 0.0000000935 
0.0000000131 0.0013561154 0.0000000014 0.0002819997 0.9983591160 0.0000027545 
0.0000000798 0.0000566338 0.0000002911 0.0000562266 0.9998845721 0.0000021966 
0.0051535409 0.0049237045 0.9899226681 0.0000000806 0.0000000029 0.0000000031 
0.0000059469 0.1629236414 0.0119665581 0.0003987846 0.8247015773 0.0000034916 
0.0000000029 0.0000040082 0.0000000749 0.0000581008 0.9999376406 0.0000001727 
0.0000000141 0.0000015859 0.0000000725 0.0011777529 0.9986396812 0.0001808934 
0.0000000018 0.0000008848 0.0000000001 0.0000015511 0.9999975616 0.0000000006 
0.0029235661 0.9834988897 0.0030030609 0.0086965180 0.0007399983 0.0011379671 
0.0250694702 0.4615521042 0.2528923859 0.2425772898 0.0040092216 0.0138995283 
0.0000000000 0.0000000000 0.9999999949 0.0000000048 0.0000000000 0.0000000003 
0.0000000000 0.0000000000 0.0000000000 0.0000000054 0.0000000091 0.9999999855 
0.0000023774 0.9999911178 0.0000003273 0.0000005517 0.0000056251 0.0000000007 
0.0000000000 0.0000000000 0.0000000432 0.0000004014 0.0000000000 0.9999995554 
0.0000001003 0.9999248602 0.0000057659 0.0000692630 0.0000000097 0.0000000008 
0.0000178549 0.1011601289 0.0000953889 0.0053468350 0.8933775359 0.0000022565 
0.0000000000 0.0000000001 0.0000000132 0.0000000066 0.0000000003 0.9999999798 
0.0000000000 0.0000000000 0.0000000000 0.0000000088 0.9999999894 0.0000000018 
0.0000000000 0.0000000001 0.0000210804 0.0000059587 0.0000000000 0.9999729608 
0.0000003719 0.9999857466 0.0000000659 0.0000108836 0.0000029289 0.0000000032 
0.0000001102 0.0588701825 0.0000008521 0.9391493646 0.0019548089 0.0000246817 
0.0000000000 0.0000000000 0.0000005959 0.0000000550 0.0000000000 0.9999993492 
0.0000000000 0.0000000000 0.0398322994 0.0002625601 0.0000000000 0.9599051405 
0.0000006399 0.6386542070 0.0081912356 0.0001900867 0.3529637299 0.0000001009 
0.0000195424 0.0000038332 0.9999766244 0.0000000000 0.0000000000 0.0000000000 
0.0000000000 0.0000000005 0.0046956845 0.0002315557 0.0000000012 0.9950727580 
0.9999560153 0.0000438829 0.0000000022 0.0000000991 0.0000000005 0.0000000000 
0.0000000000 0.0000001258 0.0000008772 0.0006385998 0.0000001936 0.9993602035 
0.0000000544 0.9999999125 0.0000000329 0.0000000002 0.0000000000 0.0000000000 
0.0144916068 0.9163109208 0.0583622133 0.0000058882 0.0108293309 0.0000000400 
0.0000000000 0.0000000000 0.0000000000 0.0000000000 1.0000000000 0.0000000000 
0.0000000007 0.0097720856 0.0000000056 0.9902249349 0.0000029305 0.0000000428 
0.0000460461 0.9999537415 0.0000002094 0.0000000009 0.0000000020 0.0000000000 
0.0000942774 0.3217073073 0.0282862936 0.6139418860 0.0003860223 0.0355842134 
0.9962932349 0.0025692346 0.0000699402 0.0006051058 0.0003912453 0.0000712392 
0.0000006754 0.0020285619 0.0001965218 0.9866021901 0.0049255364 0.0062465143 
0.0000000005 0.0000000295 0.0000000000 0.0000000043 0.9999999656 0.0000000000 
0.1253712488 0.5639424073 0.0005589330 0.3012407421 0.0000010223 0.0088856465 
0.0037534075 0.8674372148 0.0045845948 0.0181760975 0.1028618636 0.0031868218 
0.3394796438 0.6353953959 0.0021920931 0.0176501118 0.0049216535 0.0003611018 
0.0000000122 0.0000012412 0.0005630298 0.9994329723 0.0000000000 0.0000027445 
0.0000004687 0.0009964590 0.0000001227 0.0045604078 0.9944167863 0.0000257555 
0.9565908155 0.0211273631 0.0222818115 0.0000000039 0.0000000060 0.0000000000 
0.0000000000 0.0000000000 0.0000000000 0.0000000000 0.0000000000 1.0000000000 
0.0000577112 0.3817851942 0.0527208785 0.4609629639 0.0829892644 0.0214839877 
0.0000013105 0.3108602674 0.0001777714 0.1232587001 0.5656899632 0.0000119874 
1.0000000000 0.0000000000 0.0000000000 0.0000000000 0.0000000000 0.0000000000 
0.0000000009 0.0000410575 0.0000034762 0.2429263206 0.7570265383 0.0000026065 
0.0000000037 0.9999995881 0.0000004082 0.0000000000 0.0000000000 0.0000000000 
0.0000042552 0.3590822628 0.0000541275 0.1185069467 0.5215167381 0.0008356697 
0.0000000000 0.0000000103 0.0001178814 0.0000959344 0.0000000015 0.9997861725 
0.0000000000 0.0000016147 0.0000000393 0.0000000183 0.9999983277 0.0000000000 
0.0000000000 0.9999999999 0.0000000000 0.0000000000 0.0000000001 0.0000000000 
0.0000000012 0.0000000241 0.0000000556 0.9999994817 0.0000000009 0.0000004365 
0.9945578241 0.0052800673 0.0001347984 0.0000272591 0.0000000154 0.0000000358 
0.0000007950 0.9999333422 0.0000657903 0.0000000653 0.0000000066 0.0000000006 
